/*--------------------------------*- C++ -*----------------------------------*\
  =========                 |
  \\      /  F ield         | OpenFOAM: The Open Source CFD Toolbox
   \\    /   O peration     | Website:  https://openfoam.org
    \\  /    A nd           | Version:  13
     \\/     M anipulation  |
\*---------------------------------------------------------------------------*/
FoamFile
{
    format      ascii;
    class       faceList;
    location    "constant/polyMesh";
    object      faces;
}
// * * * * * * * * * * * * * * * * * * * * * * * * * * * * * * * * * * * * * //


201
(
4(2 84 85 3)
4(4 86 87 5)
4(6 88 89 7)
4(8 90 91 9)
4(10 92 93 11)
4(12 94 95 13)
4(14 96 97 15)
4(16 98 99 17)
4(18 100 101 19)
4(20 102 103 21)
4(22 104 105 23)
4(24 106 107 25)
4(26 108 109 27)
4(28 110 111 29)
4(30 112 113 31)
4(32 114 115 33)
4(34 116 117 35)
4(36 118 119 37)
4(38 120 121 39)
4(40 122 123 41)
4(42 124 125 43)
4(44 126 127 45)
4(46 128 129 47)
4(48 130 131 49)
4(50 132 133 51)
4(52 134 135 53)
4(54 136 137 55)
4(56 138 139 57)
4(58 140 141 59)
4(60 142 143 61)
4(62 144 145 63)
4(64 146 147 65)
4(66 148 149 67)
4(68 150 151 69)
4(70 152 153 71)
4(72 154 155 73)
4(74 156 157 75)
4(76 158 159 77)
4(78 160 161 79)
4(78 160 162 80)
4(78 76 158 160)
4(76 74 156 158)
4(74 72 154 156)
4(72 70 152 154)
4(70 68 150 152)
4(68 66 148 150)
4(66 64 146 148)
4(64 62 144 146)
4(62 60 142 144)
4(60 58 140 142)
4(58 56 138 140)
4(56 54 136 138)
4(54 52 134 136)
4(52 50 132 134)
4(50 48 130 132)
4(48 46 128 130)
4(46 44 126 128)
4(44 42 124 126)
4(42 40 122 124)
4(40 38 120 122)
4(38 36 118 120)
4(36 34 116 118)
4(34 32 114 116)
4(32 30 112 114)
4(30 28 110 112)
4(28 26 108 110)
4(26 24 106 108)
4(24 22 104 106)
4(22 20 102 104)
4(20 18 100 102)
4(18 16 98 100)
4(16 14 96 98)
4(14 12 94 96)
4(12 10 92 94)
4(10 8 90 92)
4(8 6 88 90)
4(6 4 86 88)
4(4 2 84 86)
4(2 0 82 84)
4(79 81 163 161)
4(79 161 159 77)
4(77 159 157 75)
4(75 157 155 73)
4(73 155 153 71)
4(71 153 151 69)
4(69 151 149 67)
4(67 149 147 65)
4(65 147 145 63)
4(63 145 143 61)
4(61 143 141 59)
4(59 141 139 57)
4(57 139 137 55)
4(55 137 135 53)
4(53 135 133 51)
4(51 133 131 49)
4(49 131 129 47)
4(47 129 127 45)
4(45 127 125 43)
4(43 125 123 41)
4(41 123 121 39)
4(39 121 119 37)
4(37 119 117 35)
4(35 117 115 33)
4(33 115 113 31)
4(31 113 111 29)
4(29 111 109 27)
4(27 109 107 25)
4(25 107 105 23)
4(23 105 103 21)
4(21 103 101 19)
4(19 101 99 17)
4(17 99 97 15)
4(15 97 95 13)
4(13 95 93 11)
4(11 93 91 9)
4(9 91 89 7)
4(7 89 87 5)
4(5 87 85 3)
4(3 85 83 1)
4(0 1 83 82)
4(80 162 163 81)
4(0 2 3 1)
4(2 4 5 3)
4(4 6 7 5)
4(6 8 9 7)
4(8 10 11 9)
4(10 12 13 11)
4(12 14 15 13)
4(14 16 17 15)
4(16 18 19 17)
4(18 20 21 19)
4(20 22 23 21)
4(22 24 25 23)
4(24 26 27 25)
4(26 28 29 27)
4(28 30 31 29)
4(30 32 33 31)
4(32 34 35 33)
4(34 36 37 35)
4(36 38 39 37)
4(38 40 41 39)
4(40 42 43 41)
4(42 44 45 43)
4(44 46 47 45)
4(46 48 49 47)
4(48 50 51 49)
4(50 52 53 51)
4(52 54 55 53)
4(54 56 57 55)
4(56 58 59 57)
4(58 60 61 59)
4(60 62 63 61)
4(62 64 65 63)
4(64 66 67 65)
4(66 68 69 67)
4(68 70 71 69)
4(70 72 73 71)
4(72 74 75 73)
4(74 76 77 75)
4(76 78 79 77)
4(78 80 81 79)
4(82 83 85 84)
4(84 85 87 86)
4(86 87 89 88)
4(88 89 91 90)
4(90 91 93 92)
4(92 93 95 94)
4(94 95 97 96)
4(96 97 99 98)
4(98 99 101 100)
4(100 101 103 102)
4(102 103 105 104)
4(104 105 107 106)
4(106 107 109 108)
4(108 109 111 110)
4(110 111 113 112)
4(112 113 115 114)
4(114 115 117 116)
4(116 117 119 118)
4(118 119 121 120)
4(120 121 123 122)
4(122 123 125 124)
4(124 125 127 126)
4(126 127 129 128)
4(128 129 131 130)
4(130 131 133 132)
4(132 133 135 134)
4(134 135 137 136)
4(136 137 139 138)
4(138 139 141 140)
4(140 141 143 142)
4(142 143 145 144)
4(144 145 147 146)
4(146 147 149 148)
4(148 149 151 150)
4(150 151 153 152)
4(152 153 155 154)
4(154 155 157 156)
4(156 157 159 158)
4(158 159 161 160)
4(160 161 163 162)
)


// ************************************************************************* //
