/*--------------------------------*- C++ -*----------------------------------*\
  =========                 |                                                 |
  \\      /  F ield         | OpenFOAM: The Open Source CFD Toolbox           |
   \\    /   O peration      | Version:  13                                  |
    \\  /    A nd           | Website:  https://openfoam.org                  |
     \\/     M anipulation   |                                                 |
\*---------------------------------------------------------------------------*/

FoamFile
{
    format      ascii;
    class       faceList;
    location    "constant/polyMesh";
    object      faces;
}
// * * * * * * * * * * * * * * * * * * * * * * * * * * * * * * * * * * * * * //

436
(
3(41 52 56)
3(41 51 52)
3(41 56 51)
3(40 56 41)
3(40 52 56)
3(40 41 52)
3(33 41 56)
3(33 56 46)
3(41 46 56)
3(33 40 56)
3(32 76 50)
3(32 50 35)
3(32 35 76)
3(35 50 76)
3(40 55 56)
3(40 52 55)
3(32 76 47)
3(32 47 50)
3(47 76 50)
3(35 50 51)
3(35 51 53)
3(35 53 50)
3(33 55 56)
3(33 40 55)
3(32 51 47)
3(32 52 51)
3(32 47 52)
3(34 49 38)
3(38 49 61)
3(34 38 61)
3(34 61 49)
3(32 50 51)
3(32 51 35)
3(32 76 74)
3(47 74 76)
3(32 74 47)
3(40 68 55)
3(52 55 68)
3(40 52 68)
3(36 41 52)
3(37 52 41)
3(36 52 37)
3(36 51 52)
3(36 41 51)
3(38 64 49)
3(34 64 38)
3(34 49 64)
3(33 54 39)
3(33 61 54)
3(33 39 61)
3(39 54 61)
3(37 52 40)
3(33 54 72)
3(33 72 39)
3(39 72 54)
3(33 61 56)
3(33 56 48)
3(33 48 61)
3(35 38 51)
3(35 51 36)
3(36 51 38)
3(32 36 52)
3(32 52 37)
3(32 36 51)
3(33 61 46)
3(46 61 56)
3(38 51 53)
3(35 38 53)
3(33 55 48)
3(38 53 61)
3(38 49 53)
3(38 61 46)
3(34 46 61)
3(41 46 51)
3(46 56 51)
3(33 48 54)
3(33 72 48)
3(48 72 70)
3(33 70 72)
3(33 48 70)
3(48 54 72)
3(38 46 51)
3(36 51 46)
3(39 61 46)
3(38 61 51)
3(46 51 61)
3(33 40 60)
3(33 60 55)
3(40 55 60)
3(32 57 52)
3(32 47 57)
3(35 53 59)
3(35 59 50)
3(38 64 53)
3(49 53 64)
3(33 45 60)
3(40 60 45)
3(34 61 54)
3(34 54 49)
3(32 42 52)
3(32 57 42)
3(42 57 52)
3(35 59 38)
3(35 44 59)
3(38 59 44)
3(15 40 66)
3(15 68 40)
3(40 68 66)
3(53 62 64)
3(38 64 62)
3(38 62 53)
3(34 39 54)
3(34 61 39)
3(12 76 32)
3(12 35 76)
3(24 47 76)
3(24 76 50)
3(37 42 52)
3(12 74 32)
3(24 47 74)
3(34 54 58)
3(34 58 49)
3(33 60 48)
3(30 48 72)
3(30 70 48)
3(18 72 33)
3(18 33 70)
3(38 53 59)
3(34 58 39)
3(34 43 58)
3(39 58 43)
3(39 54 58)
3(30 54 72)
3(18 72 39)
3(15 37 66)
3(37 40 66)
3(35 59 76)
3(50 76 59)
3(32 74 57)
3(47 57 74)
3(21 64 53)
3(21 53 62)
3(9 38 64)
3(9 62 38)
3(42 74 57)
3(32 74 42)
3(42 66 52)
3(42 57 66)
3(52 66 57)
3(9 34 64)
3(21 64 49)
3(44 59 76)
3(35 44 76)
3(40 68 60)
3(55 60 68)
3(44 62 59)
3(38 59 62)
3(38 62 44)
3(45 60 70)
3(33 70 60)
3(33 45 70)
3(37 42 66)
3(37 66 52)
3(45 60 73)
3(60 70 73)
3(45 73 70)
3(45 60 68)
3(45 68 67)
3(60 67 68)
3(45 67 60)
3(34 58 64)
3(49 64 58)
3(40 68 45)
3(44 65 59)
3(59 65 62)
3(44 62 65)
3(59 76 75)
3(44 75 76)
3(44 59 75)
3(43 58 72)
3(58 71 72)
3(43 72 71)
3(43 71 58)
3(43 64 58)
3(43 63 64)
3(58 64 63)
3(43 58 63)
3(42 57 69)
3(57 66 69)
3(42 69 66)
3(57 77 74)
3(42 74 77)
3(42 77 57)
3(53 59 62)
3(48 70 60)
3(34 43 64)
3(39 58 72)
3(39 72 43)
3(54 58 72)
3(14 45 68)
3(14 67 45)
3(26 68 60)
3(26 60 67)
3(23 59 76)
3(23 75 59)
3(29 72 58)
3(29 58 71)
3(17 43 72)
3(17 71 43)
3(8 64 43)
3(8 43 63)
3(11 76 44)
3(11 44 75)
3(20 58 64)
3(20 63 58)
3(25 74 57)
3(25 57 77)
3(13 42 74)
3(13 77 42)
3(60 73 67)
3(45 67 73)
3(31 60 70)
3(31 73 60)
3(19 70 45)
3(19 45 73)
3(58 63 71)
3(43 71 63)
3(59 75 65)
3(44 65 75)
3(57 69 77)
3(42 77 69)
3(22 62 59)
3(22 59 65)
3(10 44 62)
3(10 65 44)
3(28 57 66)
3(28 69 57)
3(16 66 42)
3(16 42 69)
3(14 40 68)
3(26 68 55)
3(11 76 35)
3(23 50 76)
3(20 49 64)
3(8 64 34)
3(25 74 47)
3(13 32 74)
3(17 39 72)
3(29 72 54)
3(31 48 70)
3(19 70 33)
3(16 66 37)
3(28 52 66)
3(22 62 53)
3(10 38 62)
3(27 52 66)
3(5 71 63)
3(0 63 71)
3(4 65 75)
3(1 75 65)
3(7 67 73)
3(3 73 67)
3(6 77 69)
3(2 69 77)
3(5 71 58)
3(5 58 63)
3(6 77 57)
3(6 57 69)
3(4 59 75)
3(4 65 59)
3(7 67 60)
3(7 60 73)
3(0 43 71)
3(0 63 43)
3(2 42 77)
3(2 69 42)
3(1 75 44)
3(1 44 65)
3(3 45 67)
3(3 73 45)
3(27 68 55)
3(27 52 68)
3(52 66 68)
3(40 52 66)
3(51 56 52)
3(52 56 55)
3(50 53 51)
3(47 51 52)
3(47 50 51)
3(48 56 61)
3(48 55 56)
3(49 61 53)
3(48 61 54)
3(51 53 61)
3(47 52 57)
3(50 59 53)
3(49 54 61)
3(24 50 47)
3(49 58 54)
3(48 60 55)
3(51 61 56)
3(30 48 54)
3(21 49 53)
3(26 55 60)
3(23 59 50)
3(20 58 49)
3(25 47 57)
3(29 54 58)
3(31 60 48)
3(28 57 52)
3(22 53 59)
3(23 50 24)
3(24 47 25)
3(27 28 52)
3(30 31 48)
3(21 53 22)
3(20 49 21)
3(29 30 54)
3(26 27 55)
3(5 29 58)
3(5 58 20)
3(4 59 23)
3(6 25 57)
3(7 26 60)
3(7 60 31)
3(4 22 59)
3(6 57 28)
3(27 52 55)
3(33 46 41)
3(33 41 40)
3(36 37 41)
3(37 40 41)
3(35 36 38)
3(32 37 36)
3(34 38 46)
3(32 36 35)
3(36 46 38)
3(33 39 46)
3(33 40 45)
3(35 38 44)
3(12 32 35)
3(32 42 37)
3(34 39 43)
3(36 41 46)
3(34 46 39)
3(18 39 33)
3(15 40 37)
3(9 38 34)
3(14 45 40)
3(11 35 44)
3(8 34 43)
3(13 42 32)
3(17 43 39)
3(19 33 45)
3(16 37 42)
3(10 44 38)
3(11 12 35)
3(12 13 32)
3(15 37 16)
3(18 33 19)
3(9 10 38)
3(8 9 34)
3(17 39 18)
3(14 40 15)
3(1 11 44)
3(0 43 17)
3(0 8 43)
3(2 42 13)
3(3 45 14)
3(3 19 45)
3(1 44 10)
3(2 16 42)
3(15 66 68)
3(14 68 67)
3(26 67 68)
3(28 66 69)
3(16 69 66)
3(27 66 28)
3(15 16 66)
3(3 67 7)
3(2 6 69)
3(26 68 27)
3(14 15 68)
3(7 67 26)
3(3 14 67)
3(6 28 69)
3(2 69 16)
3(27 68 66)
3(12 76 74)
3(24 74 76)
3(23 76 75)
3(11 75 76)
3(25 77 74)
3(13 74 77)
3(23 24 76)
3(11 76 12)
3(12 74 13)
3(24 25 74)
3(1 4 75)
3(2 77 6)
3(4 23 75)
3(6 77 25)
3(1 75 11)
3(2 13 77)
3(30 72 70)
3(18 70 72)
3(29 71 72)
3(17 72 71)
3(31 70 73)
3(19 73 70)
3(18 19 70)
3(30 70 31)
3(0 71 5)
3(3 7 73)
3(17 18 72)
3(29 72 30)
3(5 71 29)
3(0 17 71)
3(7 31 73)
3(3 73 19)
3(21 62 64)
3(9 64 62)
3(8 63 64)
3(20 64 63)
3(22 65 62)
3(10 62 65)
3(9 62 10)
3(21 22 62)
3(0 5 63)
3(1 65 4)
3(8 64 9)
3(20 21 64)
3(5 20 63)
3(0 63 8)
3(4 65 22)
3(1 10 65)
)

// ************************************************************************* //
