
784
(
13894
14596
14978
15043
15044
15045
15046
15049
15050
15051
15691
15701
15740
15828
15829
15830
15831
15832
15849
15850
15851
15852
15861
15862
15868
16771
16772
16775
16776
16778
16780
16781
16782
16783
16785
16787
16788
16790
16791
16794
16796
16802
16803
17455
17456
17457
17458
17459
17460
17461
17462
17463
17464
17465
17466
17467
17468
17469
17470
17471
17472
17473
17474
17475
17476
17477
17478
17479
17480
17481
17482
17483
17484
17485
17486
17487
17488
17489
17490
17491
17492
17493
17494
17495
17496
17497
17498
17499
17500
17501
17502
17503
17504
17505
17506
17507
17508
17509
17510
17511
17512
17513
17514
17515
17516
17517
17518
17519
17520
17521
17522
17523
17524
17525
17526
17527
17528
17529
17530
17531
17532
17533
17534
17535
17536
17537
17538
17539
17540
17541
17542
17543
17544
17545
17546
17547
17548
17549
17550
17551
17552
17553
17554
17554
17555
17556
17557
17558
17559
17560
17561
17561
17562
17562
17563
17564
17565
17566
17567
17568
17569
17569
17570
17570
17571
17572
17573
17574
17575
17576
17577
17578
17579
17580
17581
17582
17583
17584
17584
17585
17585
17586
17587
17588
17589
17590
17591
17592
17592
17593
17593
17594
17595
17596
17597
17598
17599
17600
17601
17602
17603
17604
17605
17606
17607
17607
17608
17608
17609
17610
17611
17612
17613
17614
17615
17616
17617
17618
17619
17620
17621
17622
17622
17623
17623
17624
17625
17626
17627
17628
17629
17630
17631
17632
17633
17634
17635
17636
17637
17637
17638
17638
17639
17640
17641
17642
17643
17644
17645
17646
17647
17648
17649
17650
17651
17652
17652
17794
17795
17796
17799
17805
17806
17809
17812
17815
17820
17821
17823
17824
17830
17863
17876
17894
18005
18006
18007
18008
18009
18010
18011
18012
18012
18013
18014
18014
18015
18016
18017
18018
18019
18020
18022
18023
18024
18025
18026
18027
18028
18029
18033
18040
18053
18056
18061
18064
18065
18066
18067
18068
18069
18070
18072
18073
18074
18075
18077
18078
18080
18081
18081
18082
18083
18085
18087
18090
18092
18093
18094
18095
18097
18106
18109
18110
18127
18130
18132
18135
18135
18137
18139
18147
18158
18163
18165
18168
18171
18176
18180
18180
18188
18188
18194
18198
18199
18200
18201
18203
18204
18205
18206
18207
18208
18209
18215
18221
18223
18224
18225
18226
18228
18230
18242
18246
32172
32237
32238
32239
32240
32243
32244
32245
32904
32914
32953
33043
33044
33045
33046
33047
33064
33065
33066
33067
33076
33077
33083
33672
34353
35259
35260
35263
35265
35270
35272
35275
35278
35279
35281
35283
35284
35285
35286
35287
35290
35291
35292
35905
35906
35907
35908
35909
35910
35911
35912
35913
35914
35915
35916
35917
35918
35919
35920
35921
35922
35923
35924
35925
35926
35927
35928
35929
35930
35931
35932
35933
35934
35935
35936
35937
35938
35939
35940
35941
35941
35942
35943
35944
35945
35946
35947
35948
35948
35949
35949
35950
35951
35952
35953
35954
35955
35956
35956
35957
35957
35958
35959
35960
35961
35962
35963
35964
35965
35966
35967
35968
35969
35970
35971
35971
35972
35972
35973
35974
35975
35976
35977
35978
35979
35979
35980
35980
35981
35982
35983
35984
35985
35986
35987
35988
35989
35990
35991
35992
35993
35994
35994
35995
35995
35996
35997
35998
35999
36000
36001
36002
36003
36004
36005
36006
36007
36008
36009
36009
36010
36010
36011
36012
36013
36014
36015
36016
36017
36018
36019
36020
36021
36022
36023
36024
36024
36025
36025
36026
36027
36028
36029
36030
36031
36032
36033
36034
36035
36036
36037
36038
36039
36039
36040
36041
36042
36043
36044
36045
36046
36047
36048
36049
36050
36051
36052
36053
36054
36055
36056
36057
36058
36059
36060
36061
36062
36063
36064
36065
36066
36067
36068
36069
36070
36071
36072
36073
36074
36075
36076
36077
36078
36079
36080
36081
36082
36083
36084
36085
36086
36087
36088
36089
36090
36091
36092
36093
36094
36095
36096
36097
36098
36099
36100
36101
36102
36103
36104
36105
36106
36107
36108
36109
36110
36111
36112
36113
36114
36115
36116
36117
36118
36119
36120
36121
36122
36123
36124
36125
36126
36127
36128
36129
36130
36131
36132
36133
36134
36135
36136
36137
36138
36281
36284
36285
36286
36287
36288
36290
36291
36296
36308
36309
36311
36314
36317
36350
36382
36389
36461
36468
36470
36471
36472
36473
36474
36475
36476
36476
36477
36478
36479
36479
36480
36481
36482
36483
36484
36515
36523
36525
36526
36527
36528
36529
36530
36531
36532
36533
36534
36535
36536
36537
36538
36539
36549
36551
36557
36559
36562
36565
36570
36574
36574
36582
36582
36588
36592
36593
36594
36595
36597
36598
36599
36600
36601
36602
36603
36609
36615
36617
36618
36619
36620
36622
36624
36636
36640
36650
36651
36652
36653
36655
36656
36658
36659
36659
36660
36661
36663
36665
36668
36670
36671
36672
36673
36675
36684
36687
36688
36705
36708
36710
36713
36713
36715
36717
36725
36736
)
