FoamFile
{
    version     2.0;
    format      ascii;
    class       dictionary;
    location    "system";
    object      blockMeshDict;
}

convertToMeters 1;

vertices
(
    (199.9273712158203 84.61470031738281 9.603988647460938)
    (246.31580810546876 84.61470031738281 9.603988647460938)
    (246.31580810546876 193.58899688720703 9.603988647460938)
    (199.9273712158203 193.58899688720703 9.603988647460938)
    (199.9273712158203 84.61470031738281 39.05794715881348)
    (246.31580810546876 84.61470031738281 39.05794715881348)
    (246.31580810546876 193.58899688720703 39.05794715881348)
    (199.9273712158203 193.58899688720703 39.05794715881348)
);

blocks
(
    hex (0 1 2 3 4 5 6 7) (61 145 39) simpleGrading (1 1 1)
);

edges ();

boundary
(
    domain
    {
        type patch;
        faces
        (
            (0 1 2 3)
            (4 5 6 7)
            (0 1 5 4)
            (1 2 6 5)
            (2 3 7 6)
            (3 0 4 7)
        );
    }
);

mergePatchPairs ();