/*--------------------------------*- C++ -*----------------------------------*\
  =========                 |
  \\      /  F ield         | OpenFOAM: The Open Source CFD Toolbox
   \\    /   O peration     | Website:  https://openfoam.org
    \\  /    A nd           | Version:  13
     \\/     M anipulation  |
\*---------------------------------------------------------------------------*/
FoamFile
{
    format      ascii;
    class       labelList;
    note        "nPoints:3667  nCells:2592  nFaces:8763  nInternalFaces:7385";
    location    "constant/polyMesh";
    object      neighbour;
}
// * * * * * * * * * * * * * * * * * * * * * * * * * * * * * * * * * * * * * //


7385
(
1368
1369
1279
1374
1375
1284
1760
1761
1764
1299
1767
1768
1770
2475
2476
2477
5
24
163
1767
1769
1771
1773
6
25
164
7
26
165
8
27
166
9
28
167
10
29
168
11
30
169
12
31
170
13
32
171
14
33
172
15
34
173
16
35
174
17
36
175
18
37
176
19
38
177
39
178
1280
2382
2383
2386
1285
1306
2389
2390
2392
1300
1378
1774
1775
1777
2481
2484
2485
2523
2526
2527
1768
1774
2396
2397
2399
25
44
183
2396
2398
2400
2402
26
45
184
27
46
185
28
47
186
29
48
187
30
49
188
31
50
189
32
51
190
33
52
191
34
53
192
35
54
193
36
55
194
37
56
195
38
57
196
39
58
197
59
198
1307
2403
2404
2406
1379
2403
2410
2411
2413
43
62
201
1775
1776
1779
1780
2410
2412
2414
2416
44
63
202
2397
2398
2401
2402
45
64
203
46
65
204
47
66
205
48
67
206
49
68
207
50
69
208
51
70
209
52
71
210
53
72
211
54
73
212
55
74
213
56
75
214
57
76
215
58
77
216
59
78
217
79
218
61
80
219
2404
2405
2408
2409
62
81
220
2411
2412
2415
2416
63
82
221
64
83
222
65
84
223
66
85
224
67
86
225
68
87
226
69
88
227
70
89
228
71
90
229
72
91
230
73
92
231
74
93
232
75
94
233
76
95
234
77
96
235
78
97
236
79
98
237
99
238
81
100
239
82
101
240
83
102
241
84
103
242
85
104
243
86
105
244
87
106
245
88
107
246
89
108
247
90
109
248
91
110
249
92
111
250
93
112
251
94
113
252
95
114
253
96
115
254
97
116
255
98
117
256
99
118
257
119
258
101
120
259
102
121
260
103
122
261
104
123
262
105
124
263
106
125
264
107
126
265
108
127
266
109
128
267
110
129
268
111
130
269
112
131
270
113
132
271
114
133
272
115
134
273
116
135
274
117
136
275
118
137
276
119
138
277
139
278
121
140
279
122
141
280
123
142
281
124
143
282
125
144
283
126
145
284
127
146
285
128
147
286
129
148
287
130
149
288
131
150
289
132
151
290
133
152
291
134
153
292
135
154
293
136
155
294
137
156
295
138
157
296
139
158
297
159
298
141
299
142
300
143
301
144
302
145
303
146
304
147
305
148
306
149
307
150
308
151
309
152
310
153
311
154
312
155
313
156
314
157
315
158
316
159
317
318
1630
1633
1302
1319
2417
2418
2420
1398
1770
1788
1789
1791
164
183
323
1788
1790
1792
1794
165
184
324
166
185
325
167
186
326
168
187
327
169
188
328
170
189
329
171
190
330
172
191
331
173
192
332
174
193
333
175
194
334
176
195
335
177
196
336
178
197
337
198
338
1309
1313
1795
1796
1797
1320
1381
1641
2424
2425
2426
1399
1777
1802
1809
1810
1812
2537
2538
2542
183
202
342
1789
1790
1793
1794
1809
1811
1813
1815
2399
2400
2401
2402
184
203
343
185
204
344
186
205
345
187
206
346
188
207
347
189
208
348
190
209
349
191
210
350
192
211
351
193
212
352
194
213
353
195
214
354
196
215
355
197
216
356
198
217
357
218
358
1642
2406
2431
2432
2434
1803
2413
2431
2438
2439
2441
202
221
361
1810
1811
1814
1815
2438
2440
2442
2444
203
222
362
204
223
363
205
224
364
206
225
365
207
226
366
208
227
367
209
228
368
210
229
369
211
230
370
212
231
371
213
232
372
214
233
373
215
234
374
216
235
375
217
236
376
218
237
377
238
378
220
239
379
2432
2433
2436
2437
221
240
380
2439
2440
2443
2444
222
241
381
223
242
382
224
243
383
225
244
384
226
245
385
227
246
386
228
247
387
229
248
388
230
249
389
231
250
390
232
251
391
233
252
392
234
253
393
235
254
394
236
255
395
237
256
396
238
257
397
258
398
240
259
399
241
260
400
242
261
401
243
262
402
244
263
403
245
264
404
246
265
405
247
266
406
248
267
407
249
268
408
250
269
409
251
270
410
252
271
411
253
272
412
254
273
413
255
274
414
256
275
415
257
276
416
258
277
417
278
418
260
279
419
261
280
420
262
281
421
263
282
422
264
283
423
265
284
424
266
285
425
267
286
426
268
287
427
269
288
428
270
289
429
271
290
430
272
291
431
273
292
432
274
293
433
275
294
434
276
295
435
277
296
436
278
297
437
298
438
280
299
439
281
300
440
282
301
441
283
302
442
284
303
443
285
304
444
286
305
445
287
306
446
288
307
447
289
308
448
290
309
449
291
310
450
292
311
451
293
312
452
294
313
453
295
314
454
296
315
455
297
316
456
298
317
457
318
458
300
459
301
460
302
461
303
462
304
463
305
464
306
465
307
466
308
467
309
468
310
469
311
470
312
471
313
472
314
473
315
474
316
475
317
476
318
477
478
1315
2445
2446
2449
1322
1648
2452
2453
2455
1401
1816
1823
1824
1826
2544
2547
2548
323
342
482
1791
1792
1793
1794
1823
1825
1827
1829
324
343
483
325
344
484
326
345
485
327
346
486
328
347
487
329
348
488
330
349
489
331
350
490
332
351
491
333
352
492
334
353
493
335
354
494
336
355
495
337
356
496
338
357
497
358
498
1644
1649
1830
1831
1833
1805
1817
1830
2459
2460
2462
342
361
501
1812
1813
1814
1815
1824
1825
1828
1829
2459
2461
2463
2465
343
362
502
344
363
503
345
364
504
346
365
505
347
366
506
348
367
507
349
368
508
350
369
509
351
370
510
352
371
511
353
372
512
354
373
513
355
374
514
356
375
515
357
376
516
358
377
517
378
518
1831
2434
2466
2467
2469
361
380
520
2441
2442
2443
2444
2460
2461
2464
2465
2466
2468
2470
2472
362
381
521
363
382
522
364
383
523
365
384
524
366
385
525
367
386
526
368
387
527
369
388
528
370
389
529
371
390
530
372
391
531
373
392
532
374
393
533
375
394
534
376
395
535
377
396
536
378
397
537
398
538
380
399
539
2467
2468
2471
2472
381
400
540
382
401
541
383
402
542
384
403
543
385
404
544
386
405
545
387
406
546
388
407
547
389
408
548
390
409
549
391
410
550
392
411
551
393
412
552
394
413
553
395
414
554
396
415
555
397
416
556
398
417
557
418
558
400
419
559
401
420
560
402
421
561
403
422
562
404
423
563
405
424
564
406
425
565
407
426
566
408
427
567
409
428
568
410
429
569
411
430
570
412
431
571
413
432
572
414
433
573
415
434
574
416
435
575
417
436
576
418
437
577
438
578
420
439
579
421
440
580
422
441
581
423
442
582
424
443
583
425
444
584
426
445
585
427
446
586
428
447
587
429
448
588
430
449
589
431
450
590
432
451
591
433
452
592
434
453
593
435
454
594
436
455
595
437
456
596
438
457
597
458
598
440
459
599
441
460
600
442
461
601
443
462
602
444
463
603
445
464
604
446
465
605
447
466
606
448
467
607
449
468
608
450
469
609
451
470
610
452
471
611
453
472
612
454
473
613
455
474
614
456
475
615
457
476
616
458
477
617
478
618
460
619
461
620
462
621
463
622
464
623
465
624
466
625
467
626
468
627
469
628
470
629
471
630
472
631
473
632
474
633
475
634
476
635
477
636
478
637
638
480
499
639
1651
1652
1653
1654
481
500
640
1819
1820
1821
1822
482
501
641
1826
1827
1828
1829
483
502
642
484
503
643
485
504
644
486
505
645
487
506
646
488
507
647
489
508
648
490
509
649
491
510
650
492
511
651
493
512
652
494
513
653
495
514
654
496
515
655
497
516
656
498
517
657
518
658
500
519
659
1833
1834
1835
1836
501
520
660
2462
2463
2464
2465
502
521
661
503
522
662
504
523
663
505
524
664
506
525
665
507
526
666
508
527
667
509
528
668
510
529
669
511
530
670
512
531
671
513
532
672
514
533
673
515
534
674
516
535
675
517
536
676
518
537
677
538
678
520
539
679
2469
2470
2471
2472
521
540
680
522
541
681
523
542
682
524
543
683
525
544
684
526
545
685
527
546
686
528
547
687
529
548
688
530
549
689
531
550
690
532
551
691
533
552
692
534
553
693
535
554
694
536
555
695
537
556
696
538
557
697
558
698
540
559
699
541
560
700
542
561
701
543
562
702
544
563
703
545
564
704
546
565
705
547
566
706
548
567
707
549
568
708
550
569
709
551
570
710
552
571
711
553
572
712
554
573
713
555
574
714
556
575
715
557
576
716
558
577
717
578
718
560
579
719
561
580
720
562
581
721
563
582
722
564
583
723
565
584
724
566
585
725
567
586
726
568
587
727
569
588
728
570
589
729
571
590
730
572
591
731
573
592
732
574
593
733
575
594
734
576
595
735
577
596
736
578
597
737
598
738
580
599
739
581
600
740
582
601
741
583
602
742
584
603
743
585
604
744
586
605
745
587
606
746
588
607
747
589
608
748
590
609
749
591
610
750
592
611
751
593
612
752
594
613
753
595
614
754
596
615
755
597
616
756
598
617
757
618
758
600
619
759
601
620
760
602
621
761
603
622
762
604
623
763
605
624
764
606
625
765
607
626
766
608
627
767
609
628
768
610
629
769
611
630
770
612
631
771
613
632
772
614
633
773
615
634
774
616
635
775
617
636
776
618
637
777
638
778
620
779
621
780
622
781
623
782
624
783
625
784
626
785
627
786
628
787
629
788
630
789
631
790
632
791
633
792
634
793
635
794
636
795
637
796
638
797
798
640
659
799
641
660
800
642
661
801
643
662
802
644
663
803
645
664
804
646
665
805
647
666
806
648
667
807
649
668
808
650
669
809
651
670
810
652
671
811
653
672
812
654
673
813
655
674
814
656
675
815
657
676
816
658
677
817
678
818
660
679
819
661
680
820
662
681
821
663
682
822
664
683
823
665
684
824
666
685
825
667
686
826
668
687
827
669
688
828
670
689
829
671
690
830
672
691
831
673
692
832
674
693
833
675
694
834
676
695
835
677
696
836
678
697
837
698
838
680
699
839
681
700
840
682
701
841
683
702
842
684
703
843
685
704
844
686
705
845
687
706
846
688
707
847
689
708
848
690
709
849
691
710
850
692
711
851
693
712
852
694
713
853
695
714
854
696
715
855
697
716
856
698
717
857
718
858
700
719
859
701
720
860
702
721
861
703
722
862
704
723
863
705
724
864
706
725
865
707
726
866
708
727
867
709
728
868
710
729
869
711
730
870
712
731
871
713
732
872
714
733
873
715
734
874
716
735
875
717
736
876
718
737
877
738
878
720
739
879
721
740
880
722
741
881
723
742
882
724
743
883
725
744
884
726
745
885
727
746
886
728
747
887
729
748
888
730
749
889
731
750
890
732
751
891
733
752
892
734
753
893
735
754
894
736
755
895
737
756
896
738
757
897
758
898
740
759
899
741
760
900
742
761
901
743
762
902
744
763
903
745
764
904
746
765
905
747
766
906
748
767
907
749
768
908
750
769
909
751
770
910
752
771
911
753
772
912
754
773
913
755
774
914
756
775
915
757
776
916
758
777
917
778
918
760
779
919
761
780
920
762
781
921
763
782
922
764
783
923
765
784
924
766
785
925
767
786
926
768
787
927
769
788
928
770
789
929
771
790
930
772
791
931
773
792
932
774
793
933
775
794
934
776
795
935
777
796
936
778
797
937
798
938
780
939
781
940
782
941
783
942
784
943
785
944
786
945
787
946
788
947
789
948
790
949
791
950
792
951
793
952
794
953
795
954
796
955
797
956
798
957
958
800
819
959
801
820
960
802
821
961
803
822
962
804
823
963
805
824
964
806
825
965
807
826
966
808
827
967
809
828
968
810
829
969
811
830
970
812
831
971
813
832
972
814
833
973
815
834
974
816
835
975
817
836
976
818
837
977
838
978
820
839
979
821
840
980
822
841
981
823
842
982
824
843
983
825
844
984
826
845
985
827
846
986
828
847
987
829
848
988
830
849
989
831
850
990
832
851
991
833
852
992
834
853
993
835
854
994
836
855
995
837
856
996
838
857
997
858
998
840
859
999
841
860
1000
842
861
1001
843
862
1002
844
863
1003
845
864
1004
846
865
1005
847
866
1006
848
867
1007
849
868
1008
850
869
1009
851
870
1010
852
871
1011
853
872
1012
854
873
1013
855
874
1014
856
875
1015
857
876
1016
858
877
1017
878
1018
860
879
1019
861
880
1020
862
881
1021
863
882
1022
864
883
1023
865
884
1024
866
885
1025
867
886
1026
868
887
1027
869
888
1028
870
889
1029
871
890
1030
872
891
1031
873
892
1032
874
893
1033
875
894
1034
876
895
1035
877
896
1036
878
897
1037
898
1038
880
899
1039
881
900
1040
882
901
1041
883
902
1042
884
903
1043
885
904
1044
886
905
1045
887
906
1046
888
907
1047
889
908
1048
890
909
1049
891
910
1050
892
911
1051
893
912
1052
894
913
1053
895
914
1054
896
915
1055
897
916
1056
898
917
1057
918
1058
900
919
1059
901
920
1060
902
921
1061
903
922
1062
904
923
1063
905
924
1064
906
925
1065
907
926
1066
908
927
1067
909
928
1068
910
929
1069
911
930
1070
912
931
1071
913
932
1072
914
933
1073
915
934
1074
916
935
1075
917
936
1076
918
937
1077
938
1078
920
939
1079
921
940
1080
922
941
1081
923
942
1082
924
943
1083
925
944
1084
926
945
1085
927
946
1086
928
947
1087
929
948
1088
930
949
1089
931
950
1090
932
951
1091
933
952
1092
934
953
1093
935
954
1094
936
955
1095
937
956
1096
938
957
1097
958
1098
940
1099
941
1100
942
1101
943
1102
944
1103
945
1104
946
1105
947
1106
948
1107
949
1108
950
1109
951
1110
952
1111
953
1112
954
1113
955
1114
956
1115
957
1116
958
1117
1118
960
979
1119
961
980
1120
962
981
1121
963
982
1122
964
983
1123
965
984
1124
966
985
1125
967
986
1126
968
987
1127
969
988
1128
970
989
1129
971
990
1130
972
991
1131
973
992
1132
974
993
1133
975
994
1134
976
995
1135
977
996
1136
978
997
1137
998
1138
980
999
1139
981
1000
1140
982
1001
1141
983
1002
1142
984
1003
1143
985
1004
1144
986
1005
1145
987
1006
1146
988
1007
1147
989
1008
1148
990
1009
1149
991
1010
1150
992
1011
1151
993
1012
1152
994
1013
1153
995
1014
1154
996
1015
1155
997
1016
1156
998
1017
1157
1018
1158
1000
1019
1159
1001
1020
1160
1002
1021
1161
1003
1022
1162
1004
1023
1163
1005
1024
1164
1006
1025
1165
1007
1026
1166
1008
1027
1167
1009
1028
1168
1010
1029
1169
1011
1030
1170
1012
1031
1171
1013
1032
1172
1014
1033
1173
1015
1034
1174
1016
1035
1175
1017
1036
1176
1018
1037
1177
1038
1178
1020
1039
1179
1021
1040
1180
1022
1041
1181
1023
1042
1182
1024
1043
1183
1025
1044
1184
1026
1045
1185
1027
1046
1186
1028
1047
1187
1029
1048
1188
1030
1049
1189
1031
1050
1190
1032
1051
1191
1033
1052
1192
1034
1053
1193
1035
1054
1194
1036
1055
1195
1037
1056
1196
1038
1057
1197
1058
1198
1040
1059
1199
1041
1060
1200
1042
1061
1201
1043
1062
1202
1044
1063
1203
1045
1064
1204
1046
1065
1205
1047
1066
1206
1048
1067
1207
1049
1068
1208
1050
1069
1209
1051
1070
1210
1052
1071
1211
1053
1072
1212
1054
1073
1213
1055
1074
1214
1056
1075
1215
1057
1076
1216
1058
1077
1217
1078
1218
1060
1079
1219
1061
1080
1220
1062
1081
1221
1063
1082
1222
1064
1083
1223
1065
1084
1224
1066
1085
1225
1067
1086
1226
1068
1087
1227
1069
1088
1228
1070
1089
1229
1071
1090
1230
1072
1091
1231
1073
1092
1232
1074
1093
1233
1075
1094
1234
1076
1095
1235
1077
1096
1236
1078
1097
1237
1098
1238
1080
1099
1239
1081
1100
1240
1082
1101
1241
1083
1102
1242
1084
1103
1243
1085
1104
1244
1086
1105
1245
1087
1106
1246
1088
1107
1247
1089
1108
1248
1090
1109
1249
1091
1110
1250
1092
1111
1251
1093
1112
1252
1094
1113
1253
1095
1114
1254
1096
1115
1255
1097
1116
1256
1098
1117
1257
1118
1258
1100
1259
1101
1260
1102
1261
1103
1262
1104
1263
1105
1264
1106
1265
1107
1266
1108
1267
1109
1268
1110
1269
1111
1270
1112
1271
1113
1272
1114
1273
1115
1274
1116
1275
1117
1276
1118
1277
1278
1120
1139
1121
1140
1122
1141
1123
1142
1124
1143
1125
1144
1126
1145
1127
1146
1128
1147
1129
1148
1130
1149
1131
1150
1132
1151
1133
1152
1134
1153
1135
1154
1136
1155
1137
1156
1138
1157
1158
1140
1159
1141
1160
1142
1161
1143
1162
1144
1163
1145
1164
1146
1165
1147
1166
1148
1167
1149
1168
1150
1169
1151
1170
1152
1171
1153
1172
1154
1173
1155
1174
1156
1175
1157
1176
1158
1177
1178
1160
1179
1161
1180
1162
1181
1163
1182
1164
1183
1165
1184
1166
1185
1167
1186
1168
1187
1169
1188
1170
1189
1171
1190
1172
1191
1173
1192
1174
1193
1175
1194
1176
1195
1177
1196
1178
1197
1198
1180
1199
1181
1200
1182
1201
1183
1202
1184
1203
1185
1204
1186
1205
1187
1206
1188
1207
1189
1208
1190
1209
1191
1210
1192
1211
1193
1212
1194
1213
1195
1214
1196
1215
1197
1216
1198
1217
1218
1200
1219
1201
1220
1202
1221
1203
1222
1204
1223
1205
1224
1206
1225
1207
1226
1208
1227
1209
1228
1210
1229
1211
1230
1212
1231
1213
1232
1214
1233
1215
1234
1216
1235
1217
1236
1218
1237
1238
1220
1239
1221
1240
1222
1241
1223
1242
1224
1243
1225
1244
1226
1245
1227
1246
1228
1247
1229
1248
1230
1249
1231
1250
1232
1251
1233
1252
1234
1253
1235
1254
1236
1255
1237
1256
1238
1257
1258
1240
1259
1241
1260
1242
1261
1243
1262
1244
1263
1245
1264
1246
1265
1247
1266
1248
1267
1249
1268
1250
1269
1251
1270
1252
1271
1253
1272
1254
1273
1255
1274
1256
1275
1257
1276
1258
1277
1278
1260
1261
1262
1263
1264
1265
1266
1267
1268
1269
1270
1271
1272
1273
1274
1275
1276
1277
1278
1406
1407
1411
1412
1413
1285
1306
1418
1419
1420
1309
1313
1340
1342
1998
1999
2002
2004
1288
1310
1314
1347
1349
2026
2027
2030
2032
1656
1657
1658
1427
1428
2203
2204
2205
2206
1300
1378
1838
1839
1840
1302
1319
1663
1664
1665
1320
1381
1433
1435
2221
2224
2226
2227
1304
1321
1382
1440
1441
1442
1326
1331
1410
1447
1448
1449
1327
1454
1455
1411
1845
1846
1847
1334
1415
1852
1853
1854
1330
1416
1859
1860
1861
1353
1358
1425
1670
1671
1672
1328
1426
1866
1867
1868
1329
1360
1429
1476
1477
1478
1357
1431
1873
1874
1875
2474
2475
2476
2480
2481
2484
1768
1774
2473
2475
2477
2478
2483
2484
2485
2486
2494
2495
2498
2499
1879
1880
1883
1398
1770
2488
2489
2490
1399
1777
1886
1887
1890
1400
1772
1778
2495
2496
2497
2501
2502
2505
1308
1311
2385
2386
2387
2388
1312
1379
2403
2504
2505
2506
2507
2508
2509
2512
1381
1641
1893
1894
1897
1312
1642
2406
2511
2512
2513
2514
1383
1643
1896
1897
1898
1899
2407
1900
1901
1904
1320
1641
1684
1687
2326
2328
2331
2332
1908
1909
1910
1322
1648
1692
1693
2364
2365
2366
2367
1644
1649
1915
1916
1917
1324
1645
1650
1922
1923
1924
1928
1929
1932
1936
1939
2578
2582
2583
2584
1399
1802
1942
1943
1946
1951
1952
2588
2589
2590
2591
1401
1816
1957
1958
1959
1805
1817
1964
1965
1966
1403
1806
1818
2516
2517
2518
1335
1417
1499
1500
1501
1506
1507
1418
1971
1972
1973
1337
1421
1513
1514
1515
1423
1978
1979
1980
1335
1339
1520
1521
1522
1341
1385
1985
1986
1987
1338
1344
1386
1530
1531
1532
1345
1537
1538
1539
1346
1544
1545
1546
1348
1359
1485
1552
1553
1554
1350
1360
1558
1559
1560
1352
1486
1564
1565
1566
1346
1410
1992
1993
1994
1343
1413
2012
2014
2016
2018
2508
1900
1999
2000
2001
1343
1349
1901
2005
2008
2009
2011
2509
1351
1414
1991
1992
1995
1997
2510
1352
1902
2006
2007
2008
1415
2013
2014
2015
1417
2020
2021
2022
1351
1420
1433
1893
2033
2035
2037
2039
1434
1683
2027
2028
2029
1351
1684
1894
2040
2043
2044
2046
1421
1436
2034
2035
2036
1422
1895
2019
2021
2023
2025
1685
2041
2042
2043
1362
1837
2048
2049
2050
1623
1838
2055
2056
2057
1363
1624
1698
1699
1700
1365
1625
1841
2062
2063
2064
1843
2069
2070
2071
1362
1432
1705
1706
1707
1392
1434
1584
1585
1586
1436
1591
1592
1593
1366
1393
1438
1598
1599
1600
1439
1607
1608
1609
1676
1712
1713
1714
1441
1492
1677
2076
2077
2078
1443
1678
2083
2084
2085
1445
1493
2090
2091
2092
1370
1371
1372
1453
1459
1844
1371
1372
1454
1370
1371
1845
1463
1849
1457
1850
1458
1464
1376
1377
1470
1865
1377
1376
1377
1407
1866
1408
1474
1869
1473
1871
2522
2523
2526
1380
1383
2392
2393
2394
2395
1384
1775
2410
2525
2526
2527
2528
2096
2097
2099
1777
1802
2529
2530
2533
1384
1803
2099
2100
2101
2102
2413
1779
1804
2414
2532
2533
2534
2535
1900
2103
2104
2107
1486
1902
2110
2111
2114
1487
1903
1907
2118
2119
2120
1908
2125
2126
2127
1906
1912
2132
2133
2134
1490
1913
2139
2140
1491
1723
1724
1727
1485
1935
2144
2145
2148
1493
1937
2151
2152
2155
1494
1938
1949
2154
2155
2156
2157
2165
2167
2170
2171
2172
2174
2176
2177
1488
1950
2159
2160
2161
1489
1940
1953
2166
2167
2168
1497
1955
2173
2174
2175
1400
1402
1782
1784
1786
1787
2489
2490
2492
2536
2537
2538
1404
1789
1809
2496
2497
2500
2537
2539
2541
2542
2543
2544
2547
1404
1791
1823
2546
2547
2548
2549
1404
1812
1824
2516
2517
2519
2538
2540
2541
2542
2544
2545
2546
2548
1793
1813
1825
1408
1409
1505
1510
1970
1409
1506
1408
1409
1971
1511
1974
1509
1976
1414
1415
1416
1417
1447
1448
1451
1992
1994
1995
2180
2181
2185
1415
1416
1846
1847
1848
1414
1416
1419
2382
1414
1415
2383
1422
2384
1852
1853
1855
2013
2014
2016
1423
1859
1861
1863
2179
2180
2181
1423
1426
1972
1973
1975
2187
2189
2191
2192
2200
2204
2205
1422
1423
2501
1422
1428
2188
2190
2191
2192
2502
1429
2186
2187
2188
2180
2183
2184
2185
2503
1978
1980
1982
2181
2182
2184
2185
1630
1985
1432
1837
2193
2194
2197
2200
2201
2204
1430
1431
1839
2389
1430
1433
2209
2211
2212
2213
2390
1436
2207
2208
2209
1437
1842
2196
2197
2198
2199
2391
1843
1873
1875
1877
2194
2195
2196
2198
2201
2202
2203
2206
1439
2214
2215
2218
1437
2096
2229
2231
2233
2234
1935
2221
2222
2223
1437
1442
1936
2097
2238
2239
2240
2241
2228
2229
2230
1444
2098
2217
2218
2219
2220
1445
1937
2235
2236
2239
1837
2242
2243
2246
1443
1444
1840
1886
2529
1443
1445
1887
1942
2077
2078
2081
1444
1445
1943
2530
1841
1888
2083
2085
2088
2242
2244
2245
2247
1842
2245
2246
2247
2248
2531
1944
2090
2092
2095
2235
2239
2240
2243
2244
2245
2248
1450
1451
1452
1465
1851
1858
1451
1452
1521
1852
1450
1451
1500
1859
1450
1452
1501
1522
1467
1502
1862
1855
1863
1468
1523
1856
1456
1457
1458
1465
1858
1457
1458
1456
1457
1507
1860
1467
1508
1862
1864
1469
1462
1463
1464
1465
1851
1462
1463
1526
1854
1462
1464
1466
1468
1527
1856
1857
1469
1467
1468
1469
1468
1469
1472
1473
1482
1872
1472
1473
1572
1874
1484
1573
1876
1878
1479
1511
1479
1480
1481
1669
1865
1480
1481
1591
1670
2207
1479
1480
1514
1867
2208
1479
1481
1515
1592
1516
1869
1674
1870
2210
1594
1675
1484
1669
1484
1576
1672
1577
1673
1683
1732
1733
1736
1685
1739
1740
1743
1686
1690
2250
2251
2252
1691
1747
1748
1749
1688
1694
2257
2258
2259
1696
1754
1755
1756
2263
2264
2267
1781
1942
2270
2271
2274
1944
2277
2278
2281
1496
1945
1956
2280
2281
2282
2283
2284
2286
2288
2289
1783
1957
2551
2552
2553
1785
1947
1960
2273
2274
2275
2276
2550
2552
2554
2555
1962
2285
2286
2287
1502
1503
1504
1512
1977
1503
1504
1513
1544
2179
1502
1503
1978
2181
1502
1504
1546
1981
1517
1982
2182
1518
1547
1508
1509
1977
1509
1508
1509
1979
1981
1983
1511
1512
1516
1516
1517
1518
1970
1517
1518
1558
2186
1516
1517
1972
2187
1516
1518
1559
1974
1975
2189
1561
1523
1524
1525
1529
1536
1524
1525
1530
1545
1993
1523
1525
1537
1994
1523
1524
1546
1540
1534
1548
1535
1541
1996
1527
1538
1540
1531
1550
1718
1533
1534
1535
1984
1534
1535
1564
2006
1533
1534
1565
2110
1533
1535
1986
2007
2111
1988
2112
1568
1989
2010
1540
1541
1542
1984
1540
1541
1852
2013
1540
1542
1854
1541
1542
1987
2015
1856
1989
2017
1990
1547
1548
1549
1547
1549
1558
2020
1548
1549
1564
2022
1547
1548
1561
1568
1562
1569
2024
1565
1730
1555
1556
1557
1555
1557
1584
1732
1556
1557
1560
1585
2028
1555
1556
1566
1733
2029
1567
1734
1562
1569
2031
1563
1588
1561
1562
2034
1561
1563
1592
1562
1563
1593
2036
2038
1595
1568
1569
2041
1567
1739
1567
1569
1740
2042
1741
2045
1573
1574
1575
1655
2068
1574
1656
1573
1574
2070
1577
2072
1660
2074
1577
1578
1697
2047
1577
1578
2050
2051
1621
1702
2053
1581
1599
1614
1724
1582
1604
1615
1601
1725
1605
1587
1588
1589
1590
1597
1587
1588
2144
1588
1589
1593
2222
1587
1589
1600
2145
2223
1601
2146
1595
1596
1603
2225
1594
1595
1596
1704
1594
1596
1705
2228
1594
1595
1595
1596
2230
1708
1710
2232
1601
1602
1603
1704
1602
1603
1706
2090
2235
1601
1602
2091
2151
1601
1603
2152
2236
2153
1709
2094
1710
2237
1605
1620
1610
1611
1612
2082
2089
1610
1612
2048
2083
2242
1611
1612
1706
2090
2243
1610
1611
1707
2050
1621
2053
2087
1709
2094
2088
2095
2244
1616
1617
1618
1662
2089
1616
1617
2091
2264
1617
1618
1620
1667
2093
2265
2094
1622
1668
1621
1622
1714
1622
1716
1717
1625
1628
1760
1762
1763
1765
2055
2056
2058
2480
1676
2291
2292
2295
1626
1678
2063
2064
2065
2292
2293
2294
2296
2319
2323
2324
2482
1628
1629
1679
2473
2483
1628
1629
1763
1764
1765
1766
2474
2478
2486
1682
2294
2295
2296
2297
2479
1631
1634
2103
1632
1719
2105
1634
1635
1720
2106
2124
1634
1635
2125
2109
2129
1722
2130
1637
1725
2146
1639
1640
1726
2147
2158
1639
1640
2159
2149
2162
1729
2164
2298
2299
2300
1643
1646
1796
1798
1800
1801
1647
1803
2299
2301
2303
2304
2431
1646
1797
1799
1800
1801
1915
1917
1918
2306
2307
2308
2311
1805
1830
2305
2306
2309
1647
1831
2434
1807
1832
2308
2309
2310
2311
2435
2557
2558
2561
1653
1916
1917
1919
2446
2447
2448
2450
2565
2566
2567
2570
1817
1830
2564
2565
2568
1652
1653
2448
2449
2450
2451
1654
1819
2560
2561
2562
2563
1654
1833
1821
1834
2567
2568
2569
2570
1659
1660
1661
1697
2054
1660
1661
1659
1660
1760
2055
1659
1661
1698
1761
1701
1762
2058
2060
1703
1666
1667
1668
1711
2075
1666
1668
1712
1879
1667
1668
1928
1666
1667
1880
1929
2076
1715
1881
2079
1930
2080
1717
1673
1674
1675
1872
1674
1675
1705
2193
1673
1674
1873
2049
2194
1673
1675
1707
2050
1876
2051
1877
2195
1708
2312
2313
2316
1681
1781
1880
1881
1882
1884
1887
2076
2077
2079
2320
2321
2322
2325
1888
2319
2320
2323
1681
1682
1889
2322
2323
2324
2325
2487
1681
1682
1782
1882
1883
1884
1885
2489
1784
1892
2492
2315
2316
2317
2318
2493
1935
2326
2327
2329
1689
1901
2298
2334
2335
2338
2339
1902
2333
2334
2336
1903
1921
2340
2341
2344
1689
1922
1939
2300
2350
2351
2352
2353
1925
1940
2347
2348
2351
1905
1926
2302
2343
2344
2345
2346
1907
1921
2354
2355
2358
1950
2361
2362
2365
1695
1909
2378
2379
2380
2381
2557
1695
1923
1952
2371
2372
2373
2374
2558
1925
1953
2368
2369
2372
1911
1927
2357
2358
2359
2360
2559
1913
2375
2376
2379
1701
1702
1703
2061
1701
1703
2291
1701
1702
1713
2064
2292
1702
1703
1714
2065
2293
1716
2067
1708
1709
1710
1708
1710
2214
1709
1710
2215
1708
1709
2216
1715
1716
1717
2082
1715
1717
2312
1715
1716
2084
2313
1716
1717
2086
2314
2087
1719
1721
1730
2110
1720
2112
1721
1722
2113
2138
1731
2115
2141
2143
1725
1729
1725
1728
2151
2264
1726
2153
1728
1729
2154
2172
1728
1729
2173
2267
2156
2176
2268
2178
1731
1739
1744
1757
1734
1737
2144
1734
1738
1740
2327
1735
1741
1737
1738
1742
2256
1737
1738
2148
2257
2329
2149
2260
1745
2261
2330
1741
1744
2110
1741
1745
2333
1742
1744
1745
2249
1744
1745
2114
2250
2336
2115
2253
2254
2337
1750
1751
1752
1753
2256
1750
1752
2159
1750
1751
2160
2259
2361
1751
1752
1756
2362
2162
2260
1758
2262
2363
1759
1757
1758
1759
2249
1757
1759
1757
1758
2139
2252
2375
1758
1759
2376
2141
2253
2255
2377
1762
1765
1762
1766
2291
1763
2293
1765
1766
2294
1765
1766
2297
1769
1771
1769
1772
1773
2396
1771
1772
2488
2490
2491
1773
1788
1773
1789
2399
2495
2496
2498
1790
2400
1776
1778
1776
1779
1780
2397
1778
1779
1886
1890
1891
2529
2533
2534
1780
1809
2399
2495
2497
2499
1780
1810
1811
2401
1784
1785
2270
2274
2275
2417
2419
2421
2422
2536
1784
1787
2420
2421
2422
2423
1785
1787
2418
2419
2422
2423
2543
2551
2552
2554
1786
2539
1786
2540
2545
1787
2541
2546
2549
1790
1792
1790
1793
1794
1792
1793
1794
1794
1798
1799
1901
2298
2509
1798
1801
2512
1799
1801
1904
1800
2301
2513
1800
1905
2302
1801
2303
1804
1806
1943
1946
1948
2424
2427
2428
2430
2530
2533
2535
1804
1807
2425
2428
2429
2430
1808
1810
2438
1806
1807
1964
1966
1968
2305
2309
2310
2426
2427
2429
2430
1808
1812
2459
2516
2518
2520
1808
2441
2460
1814
2442
2461
1811
1813
1811
1814
1815
1813
1814
1815
1815
1818
1820
1958
1959
1961
2452
2454
2457
2458
1818
1821
1965
1966
1969
2453
2454
2456
2457
2564
2568
2569
1822
1824
2459
2517
2518
2521
1820
1821
2455
2456
2457
2458
1822
1826
1822
2462
1828
2463
1825
1827
1825
1828
1829
1827
1828
1829
1829
1832
1834
2306
2309
2311
2565
2568
2570
1832
1835
1836
2460
2466
1834
1835
1836
2462
1836
2469
2464
2470
1841
1842
1843
2048
2049
2052
2194
2197
2198
2242
2246
2247
1841
1843
2056
2057
2059
2480
1842
1843
2522
1841
1842
2481
2523
2062
2063
2066
2482
2524
2069
2071
2073
1848
1849
1850
1851
1858
1849
1850
1848
1849
1853
1848
1850
1861
1855
1863
1857
1864
1855
1856
1857
1855
1856
1855
1857
1856
1857
1862
1863
1864
1862
1863
1978
1862
1864
1979
1863
1864
1981
1869
1870
1871
1872
1869
1871
1971
1869
1870
1972
2200
1870
1871
1875
2201
1974
1877
2202
1878
1876
1877
1878
1876
1877
2069
1876
1878
2070
1877
1878
2072
1881
1885
2312
1881
1884
2417
1882
2314
1884
1885
2315
1884
1885
2420
2421
2318
1888
1891
2481
1888
1892
2536
1889
2320
2323
2325
2482
1891
1892
2483
2494
1891
1892
2497
2537
2485
2499
2500
2539
1895
1898
2096
2502
1895
1899
2298
2509
1896
2503
2510
1898
1899
2504
2511
1898
1899
2099
2299
2100
2506
2301
2513
1902
1906
1999
2000
2002
2104
2107
2108
1902
1905
1903
2007
2008
2009
2111
2114
2116
2334
2336
2339
1905
1906
1914
2118
2119
2122
2340
2344
2345
1905
1906
1915
1918
1920
2132
2133
2135
1911
1912
1914
2119
2120
2123
2355
2358
2359
2571
2573
2575
2576
1912
2126
2127
2128
2572
2573
2576
2577
1911
2445
2574
2575
2576
2577
1911
1912
1916
2446
1919
2447
1920
2133
2134
2136
2571
2572
2574
1918
1919
1920
1921
1918
1920
1919
1920
1918
1919
1924
1926
1927
1925
1926
1927
2341
2344
2346
2354
2358
2360
1925
1926
1964
2305
1925
1927
1965
2564
1926
1927
2306
2565
1967
2348
2351
2352
2368
2372
2373
2307
2566
1930
1934
2263
1930
1933
2270
2417
1931
2265
2272
1933
1934
2266
2273
2550
1933
1934
2418
2551
2275
2419
2554
2269
2556
2578
2579
2580
1937
1941
1943
2424
1938
1944
2152
2155
2157
2236
2239
2241
2579
2581
2582
2584
1940
1941
1945
1963
1940
1941
1964
2426
1967
2166
2167
2170
2347
2351
2353
2580
2581
2583
2584
1948
1968
2427
1944
1947
2271
2274
2276
2536
1944
1948
1945
2278
2281
2283
1947
1948
2515
1947
1948
2516
2538
2519
2540
2520
1953
1954
1955
1956
1963
2585
2586
2588
1954
1955
1958
2452
1953
1954
1965
2453
1967
2167
2168
2171
2369
2372
2374
2585
2587
2589
2590
1961
1969
2454
1962
2174
2175
2177
2586
2587
2590
2591
1960
1961
1962
2515
1960
1962
2543
2552
2553
2555
1961
1962
1960
1961
2517
2544
2519
2545
2521
2286
2287
2289
1967
1968
1969
2515
1967
1968
1967
1969
1968
1969
2518
2520
2521
1974
1975
1976
1977
1974
1976
1974
1975
1975
1976
1980
1982
1983
1981
1982
1983
1981
1982
1981
1983
1982
1983
1988
1989
1990
1988
1990
2103
1988
1989
2000
2104
1989
1990
2001
2105
2003
1995
1996
1997
2005
2012
1995
1997
2021
1996
1997
2006
2022
1995
1996
2013
2016
2010
2017
2011
2025
2002
2003
2004
2005
2012
2002
2004
2002
2003
2007
2003
2004
2015
2009
2010
2017
2018
2009
2010
2011
2010
2011
2041
2009
2010
2009
2011
2043
2046
2016
2017
2018
2016
2017
2016
2018
2017
2018
2023
2024
2025
2033
2040
2023
2024
2034
2179
2023
2025
2180
2024
2025
2041
2037
2183
2038
2045
2046
2030
2031
2032
2033
2040
2030
2032
2221
2326
2031
2032
2036
2222
2030
2031
2042
2327
2044
2328
2038
2045
2039
2224
2037
2038
2039
2037
2038
2186
2037
2039
2188
2229
2038
2039
2230
2190
2231
2044
2045
2046
2045
2046
2044
2045
2333
2044
2046
2334
2335
2051
2052
2053
2061
2068
2052
2053
2062
2051
2052
2069
2051
2053
2072
2066
2073
2067
2058
2059
2060
2061
2068
2058
2060
2058
2059
2063
2059
2060
2071
2065
2066
2073
2074
2065
2066
2067
2066
2067
2083
2065
2066
2065
2067
2084
2087
2072
2073
2074
2072
2073
2072
2074
2073
2074
2079
2080
2081
2082
2089
2079
2080
2270
2079
2081
2085
2080
2081
2092
2271
2086
2093
2272
2088
2095
2086
2087
2088
2087
2088
2086
2087
2319
2086
2088
2320
2321
2093
2094
2095
2094
2095
2093
2094
2277
2093
2095
2278
2279
2098
2100
2390
2098
2102
2424
2530
2101
2391
2531
2100
2102
2425
2101
2393
2102
2394
2532
2428
2535
2105
2109
2105
2108
2111
2106
2112
2108
2109
2113
2131
2108
2109
2132
2116
2135
2137
2112
2115
2112
2116
2113
2115
2116
2117
2115
2116
2118
2121
2122
2121
2122
2123
2131
2138
2121
2122
2250
2122
2123
2133
2121
2123
2139
2252
2141
2253
2135
2136
2142
2128
2129
2130
2131
2138
2129
2130
2128
2129
2134
2128
2130
2140
2136
2142
2137
2143
2135
2136
2137
2135
2137
2135
2136
2136
2137
2141
2142
2143
2141
2142
2571
2142
2143
2572
2573
2146
2149
2146
2150
2152
2579
2147
2153
2149
2150
2154
2165
2149
2150
2166
2580
2169
2157
2170
2581
2153
2156
2277
2153
2157
2154
2156
2157
2156
2157
2281
2282
2162
2163
2164
2165
2172
2162
2164
2162
2163
2168
2585
2163
2164
2175
2586
2169
2171
2177
2587
2178
2169
2170
2171
2169
2170
2257
2170
2171
2169
2171
2259
2260
2176
2177
2178
2176
2178
2285
2176
2177
2286
2177
2178
2288
2182
2183
2186
2183
2185
2182
2185
2184
2189
2184
2190
2185
2191
2189
2190
2189
2192
2208
2190
2192
2209
2191
2191
2192
2212
2195
2199
2207
2214
2195
2198
2196
2210
2198
2199
2211
2198
2199
2218
2213
2219
2202
2205
2208
2202
2206
2203
2210
2205
2206
2211
2205
2206
2212
2210
2213
2228
2210
2212
2212
2213
2229
2211
2212
2213
2234
2216
2219
2228
2216
2220
2235
2243
2217
2232
2237
2219
2220
2233
2238
2219
2220
2246
2234
2240
2248
2224
2227
2578
2224
2225
2230
2225
2227
2236
2579
2226
2231
2226
2232
2237
2227
2233
2238
2241
2582
2232
2234
2231
2234
2231
2232
2233
2233
2234
2237
2240
2237
2241
2238
2240
2241
2240
2241
2244
2247
2244
2248
2245
2247
2248
2247
2248
2253
2254
2255
2256
2253
2254
2340
2254
2255
2258
2341
2354
2253
2255
2355
2261
2342
2262
2356
2260
2261
2262
2260
2261
2347
2261
2262
2348
2368
2260
2262
2369
2349
2370
2265
2269
2265
2268
2277
2266
2279
2268
2269
2280
2284
2268
2269
2285
2282
2288
2290
2272
2275
2272
2276
2278
2273
2279
2275
2276
2280
2275
2276
2283
2279
2282
2279
2283
2280
2282
2283
2282
2283
2288
2289
2290
2550
2288
2290
2288
2289
2289
2290
2553
2555
2556
2293
2297
2293
2296
2313
2294
2296
2297
2296
2297
2316
2317
2301
2302
2301
2304
2425
2302
2304
2305
2426
2303
2303
2307
2304
2308
2310
2429
2307
2310
2307
2311
2308
2310
2311
2310
2311
2314
2318
2314
2317
2319
2315
2321
2317
2318
2322
2317
2318
2324
2321
2324
2321
2325
2322
2324
2325
2324
2325
2328
2332
2578
2328
2330
2333
2331
2335
2330
2332
2347
2580
2331
2337
2349
2332
2338
2350
2353
2583
2335
2337
2335
2339
2338
2337
2339
2340
2338
2342
2339
2343
2345
2342
2345
2342
2346
2348
2343
2349
2345
2346
2350
2345
2346
2352
2349
2353
2349
2352
2350
2352
2353
2352
2353
2356
2360
2368
2356
2359
2375
2357
2370
2377
2359
2360
2371
2378
2359
2360
2380
2373
2363
2366
2369
2585
2363
2367
2376
2364
2370
2377
2366
2367
2371
2378
2366
2367
2588
2374
2589
2381
2370
2373
2370
2374
2371
2373
2374
2373
2374
2377
2380
2571
2377
2381
2378
2380
2381
2380
2381
2574
2575
2384
2388
2501
2384
2387
2508
2385
2503
2510
2387
2388
2504
2511
2387
2388
2514
2507
2391
2395
2522
2391
2393
2502
2394
2524
2393
2395
2505
2394
2506
2395
2525
2528
2398
2400
2398
2401
2402
2400
2401
2402
2402
2405
2407
2405
2408
2409
2411
2407
2408
2409
2413
2431
2409
2432
2415
2433
2412
2414
2412
2415
2416
2414
2415
2416
2438
2416
2439
2440
2419
2421
2419
2423
2422
2421
2423
2422
2423
2427
2428
2428
2429
2427
2429
2430
2430
2430
2433
2435
2433
2436
2437
2439
2435
2436
2437
2441
2466
2437
2467
2443
2468
2440
2442
2440
2443
2444
2442
2443
2444
2444
2447
2451
2557
2447
2450
2448
2559
2450
2451
2560
2450
2451
2563
2454
2458
2454
2456
2558
2457
2456
2458
2561
2457
2562
2458
2461
2463
2461
2464
2465
2463
2464
2465
2465
2468
2470
2468
2471
2472
2470
2471
2472
2472
2477
2478
2479
2487
2478
2479
2477
2478
2477
2479
2488
2491
2493
2482
2486
2482
2485
2483
2485
2486
2485
2486
2491
2492
2493
2494
2491
2493
2492
2493
2491
2492
2496
2498
2500
2498
2499
2500
2498
2499
2498
2500
2499
2500
2503
2507
2503
2506
2504
2506
2507
2506
2507
2510
2514
2510
2513
2511
2513
2514
2513
2514
2519
2520
2521
2519
2520
2519
2521
2520
2521
2524
2528
2524
2527
2529
2525
2531
2527
2528
2532
2527
2528
2534
2531
2534
2531
2535
2532
2534
2535
2534
2535
2539
2540
2539
2542
2540
2542
2541
2541
2542
2545
2549
2545
2548
2546
2548
2549
2548
2549
2554
2555
2556
2554
2556
2554
2555
2555
2556
2559
2563
2559
2562
2564
2560
2566
2562
2563
2567
2562
2563
2569
2566
2569
2566
2570
2567
2569
2570
2569
2570
2573
2575
2573
2577
2576
2575
2577
2576
2577
2582
2583
2581
2582
2581
2583
2584
2584
2584
2587
2589
2587
2591
2590
2589
2591
2590
2591
)


// ************************************************************************* //
