/*--------------------------------*- C++ -*----------------------------------*\
  =========                 |
  \\      /  F ield         | OpenFOAM: The Open Source CFD Toolbox
   \\    /   O peration     | Website:  https://openfoam.org
    \\  /    A nd           | Version:  13
     \\/     M anipulation  |
\*---------------------------------------------------------------------------*/
FoamFile
{
    format      ascii;
    class       vectorField;
    location    "constant/polyMesh";
    object      points;
}
// * * * * * * * * * * * * * * * * * * * * * * * * * * * * * * * * * * * * * //


3667
(
(0 0.0484278 0)
(0.990409 0 0)
(1.98053 0 0)
(2.99013 0 0)
(3.99556 0 0)
(4.99747 0 0)
(5.99854 0 0)
(6.99914 0 0)
(7.99949 0 0)
(8.9997 0 0)
(9.99982 0 0)
(10.9999 0 0)
(11.9999 0 0)
(13 0 0)
(14 0 0)
(15 0 0)
(16 0 0)
(17 0 0)
(18 0 0)
(19 0 0)
(20 0 0)
(0 0.983812 0)
(1.00141 0.977178 0)
(1.98998 0.987483 0)
(2.99362 0.996144 0)
(3.99652 0.998381 0)
(4.99791 0.999192 0)
(5.99875 0.999578 0)
(6.99925 0.999773 0)
(7.99955 0.999876 0)
(8.99973 0.999932 0)
(9.99984 0.999962 0)
(10.9999 0.999979 0)
(11.9999 0.999988 0)
(13 0.999994 0)
(14 0.999996 0)
(15 0.999998 0)
(16 0.999999 0)
(17 0.999999 0)
(18 1 0)
(19 1 0)
(20 1 0)
(0 1.98761 0)
(0.999276 1.9874 0)
(1.99693 1.99097 0)
(2.99688 1.99549 0)
(3.99782 1.99774 0)
(4.99852 1.99875 0)
(5.99905 1.99931 0)
(6.9994 1.99961 0)
(7.99963 1.99978 0)
(8.99977 1.99988 0)
(9.99986 1.99993 0)
(10.9999 1.99996 0)
(12 1.99998 0)
(13 1.99999 0)
(14 1.99999 0)
(15 2 0)
(16 2 0)
(17 2 0)
(18 2 0)
(19 2 0)
(20 2 0)
(0 2.99196 0)
(0.999412 2.99235 0)
(1.99873 2.99409 0)
(2.99842 2.9962 0)
(3.99868 2.99774 0)
(4.99903 2.99867 0)
(5.99933 2.99922 0)
(6.99955 2.99955 0)
(7.99971 2.99974 0)
(8.99982 2.99985 0)
(9.99989 2.99991 0)
(10.9999 2.99995 0)
(12 2.99997 0)
(13 2.99999 0)
(14 2.99999 0)
(15 3 0)
(16 3 0)
(17 3 0)
(18 3 0)
(19 3 0)
(20 3 0)
(0 3.99462 0)
(0.999644 3.99503 0)
(1.99931 3.99599 0)
(2.99916 3.99715 0)
(3.99923 3.99813 0)
(4.99939 3.99882 0)
(5.99955 3.99928 0)
(6.99969 3.99956 0)
(7.99979 3.99974 0)
(8.99986 3.99985 0)
(9.99991 3.99991 0)
(10.9999 3.99995 0)
(12 3.99997 0)
(13 3.99998 0)
(14 3.99999 0)
(15 4 0)
(16 4 0)
(17 4 0)
(18 4 0)
(19 4 0)
(20 4 0)
(0 4.99654 0)
(0.999796 4.99682 0)
(1.99962 4.99736 0)
(2.99954 4.99802 0)
(3.99955 4.99862 0)
(4.99962 4.99908 0)
(5.99971 4.99941 0)
(6.99979 4.99964 0)
(7.99985 4.99978 0)
(8.9999 4.99987 0)
(9.99993 4.99992 0)
(11 4.99996 0)
(12 4.99997 0)
(13 4.99999 0)
(14 4.99999 0)
(15 5 0)
(16 5 0)
(17 5 0)
(18 5 0)
(19 5 0)
(20 5 0)
(0 5.99793 0)
(0.999883 5.9981 0)
(1.99979 5.99839 0)
(2.99974 5.99875 0)
(3.99973 5.99909 0)
(4.99976 5.99938 0)
(5.99981 5.99959 0)
(6.99985 5.99974 0)
(7.99989 5.99984 0)
(8.99993 5.9999 0)
(9.99995 5.99994 0)
(11 5.99997 0)
(12 5.99998 0)
(13 5.99999 0)
(14 5.99999 0)
(15 6 0)
(16 6 0)
(17 6 0)
(18 6 0)
(19 6 0)
(20 6 0)
(0 6.99901 0)
(0.99993 6.99909 0)
(1.99987 6.99922 0)
(2.99984 6.99939 0)
(3.99983 6.99955 0)
(4.99985 6.99968 0)
(5.99987 6.99979 0)
(6.9999 6.99986 0)
(7.99992 6.99991 0)
(8.99994 6.99995 0)
(9.99996 6.99997 0)
(11 6.99998 0)
(12 6.99999 0)
(13 6.99999 0)
(14 7 0)
(15 7 0)
(16 7 0)
(17 7 0)
(18 7 0)
(19 7 0)
(20 7 0)
(0 8 0)
(0.999949 8 0)
(1.99991 8 0)
(2.99988 8 0)
(3.99987 8 0)
(4.99988 8 0)
(5.9999 8 0)
(6.99992 8 0)
(7.99993 8 0)
(8.99995 8 0)
(9.99997 8 0)
(11 8 0)
(12 8 0)
(13 8 0)
(14 8 0)
(15 8 0)
(16 8 0)
(17 8 0)
(18 8 0)
(19 8 0)
(20 8 0)
(0 0 0.976933)
(2.00498 0 1.01556)
(2.99601 0 1.00163)
(3.9972 0 1.00052)
(4.99817 0 1.0002)
(5.99885 0 1.00008)
(6.99929 0 1.00003)
(7.99957 0 1.00002)
(8.99974 0 1.00001)
(9.99984 0 1)
(10.9999 0 1)
(11.9999 0 1)
(13 0 1)
(14 0 1)
(15 0 1)
(16 0 1)
(17 0 1)
(18 0 1)
(19 0 1)
(20 0 1)
(0 0.981897 0.999778)
(1.00207 0.980467 0.99228)
(1.99674 0.992689 1.00038)
(2.99671 0.997344 1.0007)
(3.99759 0.998675 1.00033)
(4.99843 0.999307 1.00013)
(5.999 0.999628 1.00006)
(6.99937 0.999796 1.00003)
(7.99961 0.999887 1.00001)
(8.99976 0.999937 1.00001)
(9.99986 0.999965 1)
(10.9999 0.999981 1)
(11.9999 0.999989 1)
(13 0.999994 1)
(14 0.999997 1)
(15 0.999998 1)
(16 0.999999 1)
(17 0.999999 1)
(18 1 1)
(19 1 1)
(20 1 1)
(0 1.98924 0.998956)
(0.999631 1.98964 0.998565)
(1.99818 1.9929 0.999548)
(2.99787 1.99622 1.00006)
(3.99835 1.99805 1.00008)
(4.99883 1.9989 1.00005)
(5.99922 1.99938 1.00003)
(6.99949 1.99965 1.00001)
(7.99968 1.9998 1.00001)
(8.9998 1.99989 1.00001)
(9.99988 1.99994 1)
(10.9999 1.99996 1)
(12 1.99998 1)
(13 1.99999 1)
(14 1.99999 1)
(15 2 1)
(16 2 1)
(17 2 1)
(18 2 1)
(19 2 1)
(20 2 1)
(0 2.99297 0.999417)
(0.999573 2.99338 0.99946)
(1.99907 2.99483 0.999696)
(2.99882 2.99669 0.999914)
(3.99896 2.99801 0.999986)
(4.99921 2.99881 1)
(5.99944 2.9993 1.00001)
(6.99962 2.99959 1.00001)
(7.99975 2.99976 1)
(8.99984 2.99986 1)
(9.9999 2.99992 1)
(10.9999 2.99996 1)
(12 2.99997 1)
(13 2.99999 1)
(14 2.99999 1)
(15 3 1)
(16 3 1)
(17 3 1)
(18 3 1)
(19 3 1)
(20 3 1)
(0 3.99526 0.99968)
(0.999723 3.99563 0.999723)
(1.99946 3.99646 0.999822)
(2.99933 3.99748 0.999916)
(3.99937 3.99833 0.999966)
(4.99949 3.99894 0.999989)
(5.99961 3.99934 0.999998)
(6.99973 3.9996 1)
(7.99981 3.99976 1)
(8.99988 3.99986 1)
(9.99992 3.99992 1)
(11 3.99995 1)
(12 3.99997 1)
(13 3.99999 1)
(14 3.99999 1)
(15 4 1)
(16 4 1)
(17 4 1)
(18 4 1)
(19 4 1)
(20 4 1)
(0 4.99691 0.99983)
(0.999833 4.99717 0.999855)
(1.99969 4.99765 0.999898)
(2.99962 4.99822 0.999941)
(3.99962 4.99875 0.999971)
(4.99967 4.99917 0.999987)
(5.99974 4.99946 0.999995)
(6.99981 4.99966 0.999999)
(7.99987 4.9998 1)
(8.99991 4.99988 1)
(9.99994 4.99993 1)
(11 4.99996 1)
(12 4.99998 1)
(13 4.99999 1)
(14 4.99999 1)
(15 5 1)
(16 5 1)
(17 5 1)
(18 5 1)
(19 5 1)
(20 5 1)
(0 5.99813 0.999909)
(0.999901 5.99828 0.999922)
(1.99982 5.99855 0.999942)
(2.99977 5.99887 0.999963)
(3.99977 5.99918 0.999979)
(4.99979 5.99943 0.999989)
(5.99983 5.99962 0.999995)
(6.99987 5.99976 0.999999)
(7.99991 5.99985 1)
(8.99993 5.99991 1)
(9.99996 5.99995 1)
(11 5.99997 1)
(12 5.99998 1)
(13 5.99999 1)
(14 5.99999 1)
(15 6 1)
(16 6 1)
(17 6 1)
(18 6 1)
(19 6 1)
(20 6 1)
(0 6.9991 0.999948)
(0.999939 6.99917 0.999955)
(1.99989 6.99929 0.999966)
(2.99986 6.99944 0.999976)
(3.99985 6.99959 0.999985)
(4.99986 6.99971 0.999992)
(5.99988 6.9998 0.999996)
(6.99991 6.99987 0.999999)
(7.99993 6.99992 1)
(8.99995 6.99995 1)
(9.99997 6.99997 1)
(11 6.99998 1)
(12 6.99999 1)
(13 6.99999 1)
(14 7 1)
(15 7 1)
(16 7 1)
(17 7 1)
(18 7 1)
(19 7 1)
(20 7 1)
(0 8 0.999964)
(0.999955 8 0.999969)
(1.99992 8 0.999975)
(2.9999 8 0.999982)
(3.99989 8 0.999989)
(4.99989 8 0.999993)
(5.99991 8 0.999997)
(6.99992 8 0.999999)
(7.99994 8 1)
(8.99996 8 1)
(9.99997 8 1)
(11 8 1)
(12 8 1)
(13 8 1)
(14 8 1)
(15 8 1)
(16 8 1)
(17 8 1)
(18 8 1)
(19 8 1)
(20 8 1)
(0 0 1.98807)
(1.00638 0 1.99075)
(2.00157 0 2.00011)
(2.9994 0 2.00084)
(3.99883 0 2.0004)
(4.99897 0 2.00017)
(5.99925 0 2.00008)
(6.99949 0 2.00004)
(7.99967 0 2.00002)
(8.99979 0 2.00001)
(9.99987 0 2.00001)
(10.9999 0 2)
(12 0 2)
(13 0 2)
(14 0 2)
(15 0 2)
(16 0 2)
(17 0 2)
(18 0 2)
(19 0 2)
(20 0 2)
(0 0.994232 1.99331)
(1.00159 0.994429 1.99419)
(1.99998 0.996861 1.99879)
(2.99907 0.998299 2.00022)
(3.9989 0.999119 2.00023)
(4.99908 0.999482 2.00011)
(5.99933 0.999704 2.00005)
(6.99955 0.999832 2.00003)
(7.9997 0.999904 2.00002)
(8.99981 0.999946 2.00001)
(9.99988 0.999969 2.00001)
(10.9999 0.999983 2)
(12 0.99999 2)
(13 0.999995 2)
(14 0.999997 2)
(15 0.999998 2)
(16 0.999999 2)
(17 1 2)
(18 1 2)
(19 1 2)
(20 1 2)
(0 1.99371 1.99747)
(1.00002 1.99418 1.99784)
(1.99943 1.99558 1.999)
(2.99909 1.99745 1.99982)
(3.99909 1.99852 1.99999)
(4.99926 1.99914 2.00002)
(5.99945 1.9995 2.00002)
(6.99962 1.99971 2.00001)
(7.99975 1.99983 2.00001)
(8.99984 1.9999 2.00001)
(9.9999 1.99995 2.00001)
(10.9999 1.99997 2)
(12 1.99998 2)
(13 1.99999 2)
(14 1.99999 2)
(15 2 2)
(16 2 2)
(17 2 2)
(18 2 2)
(19 2 2)
(20 2 2)
(0 2.99506 1.99888)
(0.999801 2.9953 1.99903)
(1.99953 2.99636 1.99945)
(2.99934 2.99754 1.99977)
(3.99935 2.99844 1.99992)
(4.99946 2.99904 1.99998)
(5.99959 2.99942 2)
(6.99971 2.99965 2)
(7.9998 2.99979 2.00001)
(8.99987 2.99988 2)
(9.99992 2.99993 2)
(10.9999 2.99996 2)
(12 2.99998 2)
(13 2.99999 2)
(14 2.99999 2)
(15 3 2)
(16 3 2)
(17 3 2)
(18 3 2)
(19 3 2)
(20 3 2)
(0 3.99638 1.99942)
(0.999833 3.99666 1.99951)
(1.99967 3.99728 1.99967)
(2.99957 3.99801 1.99983)
(3.99957 3.99865 1.99992)
(4.99963 3.99912 1.99997)
(5.99971 3.99945 1.99999)
(6.99979 3.99966 2)
(7.99985 3.99979 2)
(8.9999 3.99988 2)
(9.99994 3.99993 2)
(11 3.99996 2)
(12 3.99998 2)
(13 3.99999 2)
(14 3.99999 2)
(15 4 2)
(16 4 2)
(17 4 2)
(18 4 2)
(19 4 2)
(20 4 2)
(0 4.99753 1.99969)
(0.999886 4.99773 1.99974)
(1.99979 4.99811 1.99981)
(2.99973 4.99855 1.99989)
(3.99972 4.99897 1.99994)
(4.99975 4.9993 1.99997)
(5.9998 4.99954 1.99999)
(6.99985 4.99971 2)
(7.99989 4.99982 2)
(8.99993 4.99989 2)
(9.99995 4.99994 2)
(11 4.99996 2)
(12 4.99998 2)
(13 4.99999 2)
(14 4.99999 2)
(15 5 2)
(16 5 2)
(17 5 2)
(18 5 2)
(19 5 2)
(20 5 2)
(0 5.99846 1.99984)
(0.999927 5.99859 1.99986)
(1.99987 5.9988 1.99989)
(2.99983 5.99906 1.99993)
(3.99982 5.99931 1.99996)
(4.99984 5.99952 1.99998)
(5.99986 5.99968 1.99999)
(6.99989 5.99979 2)
(7.99992 5.99987 2)
(8.99995 5.99992 2)
(9.99996 5.99995 2)
(11 5.99997 2)
(12 5.99998 2)
(13 5.99999 2)
(14 5.99999 2)
(15 6 2)
(16 6 2)
(17 6 2)
(18 6 2)
(19 6 2)
(20 6 2)
(0 6.99925 1.99991)
(0.999953 6.99931 1.99992)
(1.99991 6.99941 1.99994)
(2.99989 6.99953 1.99996)
(3.99988 6.99965 1.99997)
(4.99989 6.99975 1.99998)
(5.9999 6.99983 1.99999)
(6.99992 6.99989 2)
(7.99994 6.99993 2)
(8.99996 6.99996 2)
(9.99997 6.99997 2)
(11 6.99998 2)
(12 6.99999 2)
(13 7 2)
(14 7 2)
(15 7 2)
(16 7 2)
(17 7 2)
(18 7 2)
(19 7 2)
(20 7 2)
(0 8 1.99994)
(0.999964 8 1.99994)
(1.99993 8 1.99995)
(2.99992 8 1.99997)
(3.99991 8 1.99998)
(4.99991 8 1.99999)
(5.99992 8 1.99999)
(6.99994 8 2)
(7.99995 8 2)
(8.99996 8 2)
(9.99997 8 2)
(11 8 2)
(12 8 2)
(13 8 2)
(14 8 2)
(15 8 2)
(16 8 2)
(17 8 2)
(18 8 2)
(19 8 2)
(20 8 2)
(0 0 2.99353)
(1.00173 0 2.99503)
(2.00086 0 2.99817)
(3.00003 0 2.99965)
(3.99956 0 2.99995)
(4.99948 0 3.00001)
(5.99956 0 3.00002)
(6.99967 0 3.00002)
(7.99978 0 3.00001)
(8.99985 0 3.00001)
(9.99991 0 3.00001)
(10.9999 0 3.00001)
(12 0 3)
(13 0 3)
(14 0 3)
(15 0 3)
(16 0 3)
(17 0 3)
(18 0 3)
(19 0 3)
(20 0 3)
(0 0.997532 2.99532)
(1.00082 0.997723 2.99633)
(2.00038 0.998333 2.99833)
(2.99987 0.99903 2.99957)
(3.99955 0.999394 2.99989)
(4.99952 0.999629 2.99998)
(5.9996 0.999778 3)
(6.9997 0.999869 3.00001)
(7.9998 0.999924 3.00001)
(8.99987 0.999956 3.00001)
(9.99991 0.999975 3.00001)
(10.9999 0.999986 3)
(12 0.999992 3)
(13 0.999995 3)
(14 0.999997 3)
(15 0.999999 3)
(16 0.999999 3)
(17 1 3)
(18 1 3)
(19 1 3)
(20 1 3)
(0 1.99658 2.99755)
(1.00015 1.9968 2.99795)
(1.99995 1.99761 2.99884)
(2.99968 1.9984 2.99954)
(3.99956 1.99898 2.99984)
(4.99958 1.99937 2.99995)
(5.99966 1.99962 2.99999)
(6.99975 1.99977 3)
(7.99983 1.99986 3.00001)
(8.99988 1.99992 3.00001)
(9.99992 1.99995 3.00001)
(11 1.99997 3)
(12 1.99999 3)
(13 1.99999 3)
(14 2 3)
(15 2 3)
(16 2 3)
(17 2 3)
(18 2 3)
(19 2 3)
(20 2 3)
(0 2.99691 2.99877)
(0.999946 2.99715 2.99897)
(1.99982 2.99768 2.99931)
(2.99969 2.99833 2.99965)
(3.99964 2.99888 2.99984)
(4.99967 2.99928 2.99994)
(5.99973 2.99955 2.99998)
(6.9998 2.99972 3)
(7.99986 2.99983 3)
(8.9999 2.9999 3)
(9.99994 2.99994 3)
(11 2.99997 3)
(12 2.99998 3)
(13 2.99999 3)
(14 2.99999 3)
(15 3 3)
(16 3 3)
(17 3 3)
(18 3 3)
(19 3 3)
(20 3 3)
(0 3.99751 2.99932)
(0.999918 3.99771 2.99943)
(1.99983 3.9981 2.9996)
(2.99976 3.99857 2.99977)
(3.99974 3.99899 2.99988)
(4.99976 3.99932 2.99994)
(5.9998 3.99956 2.99998)
(6.99985 3.99973 2.99999)
(7.99989 3.99983 3)
(8.99993 3.9999 3)
(9.99995 3.99994 3)
(11 3.99997 3)
(12 3.99998 3)
(13 3.99999 3)
(14 3.99999 3)
(15 4 3)
(16 4 3)
(17 4 3)
(18 4 3)
(19 4 3)
(20 4 3)
(0 4.99819 2.99963)
(0.999933 4.99834 2.99968)
(1.99987 4.9986 2.99977)
(2.99983 4.99891 2.99985)
(3.99982 4.9992 2.99992)
(4.99983 4.99945 2.99996)
(5.99986 4.99963 2.99998)
(6.99989 4.99977 2.99999)
(7.99992 4.99985 3)
(8.99994 4.99991 3)
(9.99996 4.99995 3)
(11 4.99997 3)
(12 4.99998 3)
(13 4.99999 3)
(14 4.99999 3)
(15 5 3)
(16 5 3)
(17 5 3)
(18 5 3)
(19 5 3)
(20 5 3)
(0 5.99883 2.9998)
(0.999952 5.99893 2.99982)
(1.99991 5.99908 2.99987)
(2.99988 5.99927 2.99991)
(3.99988 5.99946 2.99995)
(4.99988 5.99962 2.99997)
(5.9999 5.99974 2.99999)
(6.99992 5.99983 2.99999)
(7.99994 5.99989 3)
(8.99996 5.99993 3)
(9.99997 5.99996 3)
(11 5.99998 3)
(12 5.99999 3)
(13 5.99999 3)
(14 6 3)
(15 6 3)
(16 6 3)
(17 6 3)
(18 6 3)
(19 6 3)
(20 6 3)
(0 6.99942 2.99988)
(0.999967 6.99947 2.9999)
(1.99994 6.99954 2.99992)
(2.99992 6.99963 2.99994)
(3.99991 6.99972 2.99996)
(4.99992 6.9998 2.99998)
(5.99993 6.99986 2.99999)
(6.99994 6.99991 3)
(7.99995 6.99994 3)
(8.99997 6.99996 3)
(9.99998 6.99998 3)
(11 6.99999 3)
(12 6.99999 3)
(13 7 3)
(14 7 3)
(15 7 3)
(16 7 3)
(17 7 3)
(18 7 3)
(19 7 3)
(20 7 3)
(0 8 2.99992)
(0.999974 8 2.99993)
(1.99995 8 2.99994)
(2.99994 8 2.99996)
(3.99993 8 2.99997)
(4.99993 8 2.99998)
(5.99994 8 2.99999)
(6.99995 8 3)
(7.99996 8 3)
(8.99997 8 3)
(9.99998 8 3)
(11 8 3)
(12 8 3)
(13 8 3)
(14 8 3)
(15 8 3)
(16 8 3)
(17 8 3)
(18 8 3)
(19 8 3)
(20 8 3)
(0 0 3.99614)
(1.00059 0 3.99696)
(2.00041 0 3.99836)
(3.00008 0 3.9993)
(3.99984 0 3.99971)
(4.99975 0 3.99989)
(5.99976 0 3.99996)
(6.99981 0 3.99999)
(7.99986 0 4)
(8.9999 0 4.00001)
(9.99993 0 4.00001)
(11 0 4)
(12 0 4)
(13 0 4)
(14 0 4)
(15 0 4)
(16 0 4)
(17 0 4)
(18 0 4)
(19 0 4)
(20 0 4)
(0 0.998739 3.99699)
(1.00032 0.998853 3.99759)
(2.00022 0.999106 3.9986)
(2.99999 0.999397 3.99936)
(3.99982 0.999603 3.99973)
(4.99976 0.999747 3.99989)
(5.99978 0.999842 3.99996)
(6.99982 0.999903 3.99999)
(7.99987 0.999942 4)
(8.99991 0.999966 4)
(9.99994 0.99998 4.00001)
(11 0.999988 4)
(12 0.999993 4)
(13 0.999996 4)
(14 0.999998 4)
(15 0.999999 4)
(16 0.999999 4)
(17 1 4)
(18 1 4)
(19 1 4)
(20 1 4)
(0 1.9981 3.99808)
(1.00009 1.99826 3.99842)
(2.00002 1.99861 3.99899)
(2.99989 1.99901 3.99948)
(3.9998 1.99933 3.99975)
(4.99978 1.99956 3.99989)
(5.99981 1.99972 3.99996)
(6.99985 1.99983 3.99999)
(7.99989 1.9999 4)
(8.99992 1.99994 4)
(9.99995 1.99996 4)
(11 1.99998 4)
(12 1.99999 4)
(13 1.99999 4)
(14 2 4)
(15 2 4)
(16 2 4)
(17 2 4)
(18 2 4)
(19 2 4)
(20 2 4)
(0 2.99809 3.99889)
(0.999992 2.99825 3.99906)
(1.99993 2.99855 3.99935)
(2.99986 2.99891 3.99962)
(3.99982 2.99924 3.99981)
(4.99982 2.99949 3.99991)
(5.99984 2.99967 3.99996)
(6.99987 2.99979 3.99999)
(7.99991 2.99987 4)
(8.99993 2.99992 4)
(9.99996 2.99995 4)
(11 2.99997 4)
(12 2.99998 4)
(13 2.99999 4)
(14 2.99999 4)
(15 3 4)
(16 3 4)
(17 3 4)
(18 3 4)
(19 3 4)
(20 3 4)
(0 3.99836 3.99936)
(0.999963 3.9985 3.99945)
(1.99992 3.99873 3.9996)
(2.99987 3.99902 3.99975)
(3.99985 3.99929 3.99986)
(4.99986 3.99951 3.99993)
(5.99988 3.99967 3.99997)
(6.9999 3.99979 3.99999)
(7.99993 3.99987 4)
(8.99995 3.99992 4)
(9.99996 3.99995 4)
(11 3.99997 4)
(12 3.99998 4)
(13 3.99999 4)
(14 3.99999 4)
(15 4 4)
(16 4 4)
(17 4 4)
(18 4 4)
(19 4 4)
(20 4 4)
(0 4.99875 3.99964)
(0.999964 4.99885 3.99969)
(1.99993 4.99902 3.99976)
(2.9999 4.99922 3.99984)
(3.99989 4.99942 3.99991)
(4.99989 4.99959 3.99995)
(5.99991 4.99972 3.99998)
(6.99993 4.99982 3.99999)
(7.99994 4.99988 4)
(8.99996 4.99993 4)
(9.99997 4.99996 4)
(11 4.99997 4)
(12 4.99998 4)
(13 4.99999 4)
(14 5 4)
(15 5 4)
(16 5 4)
(17 5 4)
(18 5 4)
(19 5 4)
(20 5 4)
(0 5.99917 3.99979)
(0.999971 5.99923 3.99982)
(1.99995 5.99934 3.99986)
(2.99993 5.99947 3.9999)
(3.99992 5.9996 3.99994)
(4.99992 5.99971 3.99997)
(5.99993 5.9998 3.99998)
(6.99994 5.99987 3.99999)
(7.99996 5.99991 4)
(8.99997 5.99995 4)
(9.99998 5.99997 4)
(11 5.99998 4)
(12 5.99999 4)
(13 5.99999 4)
(14 6 4)
(15 6 4)
(16 6 4)
(17 6 4)
(18 6 4)
(19 6 4)
(20 6 4)
(0 6.99958 3.99988)
(0.999978 6.99961 3.99989)
(1.99996 6.99966 3.99991)
(2.99995 6.99973 3.99994)
(3.99994 6.99979 3.99996)
(4.99994 6.99985 3.99998)
(5.99995 6.99989 3.99999)
(6.99996 6.99993 3.99999)
(7.99997 6.99995 4)
(8.99998 6.99997 4)
(9.99998 6.99998 4)
(11 6.99999 4)
(12 6.99999 4)
(13 7 4)
(14 7 4)
(15 7 4)
(16 7 4)
(17 7 4)
(18 7 4)
(19 7 4)
(20 7 4)
(0 8 3.99991)
(0.999982 8 3.99992)
(1.99997 8 3.99994)
(2.99996 8 3.99995)
(3.99995 8 3.99997)
(4.99995 8 3.99998)
(5.99996 8 3.99999)
(6.99996 8 3.99999)
(7.99997 8 4)
(8.99998 8 4)
(9.99998 8 4)
(11 8 4)
(12 8 4)
(13 8 4)
(14 8 4)
(15 8 4)
(16 8 4)
(17 8 4)
(18 8 4)
(19 8 4)
(20 8 4)
(0 0 4.99773)
(1.00021 0 4.99815)
(2.00018 0 4.99881)
(3.00006 0 4.99936)
(3.99994 0 4.99968)
(4.99989 0 4.99985)
(5.99988 0 4.99994)
(6.99989 0 4.99998)
(7.99992 0 4.99999)
(8.99994 0 5)
(9.99996 0 5)
(11 0 5)
(12 0 5)
(13 0 5)
(14 0 5)
(15 0 5)
(16 0 5)
(17 0 5)
(18 0 5)
(19 0 5)
(20 0 5)
(0 0.999335 4.99813)
(1.00013 0.999395 4.99846)
(2.00011 0.999507 4.99898)
(3.00002 0.999639 4.99943)
(3.99993 0.999749 4.99971)
(4.99989 0.999832 4.99986)
(5.99989 0.999891 4.99994)
(6.9999 0.999931 4.99998)
(7.99992 0.999957 4.99999)
(8.99994 0.999974 5)
(9.99996 0.999984 5)
(11 0.999991 5)
(12 0.999995 5)
(13 0.999997 5)
(14 0.999998 5)
(15 0.999999 5)
(16 0.999999 5)
(17 1 5)
(18 1 5)
(19 1 5)
(20 1 5)
(0 1.99894 4.99868)
(1.00005 1.99903 4.9989)
(2.00003 1.9992 4.99923)
(2.99997 1.99939 4.99955)
(3.99992 1.99957 4.99976)
(4.99989 1.99971 4.99988)
(5.9999 1.99981 4.99995)
(6.99991 1.99988 4.99998)
(7.99993 1.99992 4.99999)
(8.99995 1.99995 5)
(9.99997 1.99997 5)
(11 1.99998 5)
(12 1.99999 5)
(13 1.99999 5)
(14 2 5)
(15 2 5)
(16 2 5)
(17 2 5)
(18 2 5)
(19 2 5)
(20 2 5)
(0 2.99885 4.99916)
(1 2.99894 4.99928)
(1.99998 2.99911 4.99948)
(2.99994 2.99931 4.99967)
(3.99991 2.9995 4.99982)
(4.99991 2.99965 4.9999)
(5.99991 2.99977 4.99996)
(6.99993 2.99985 4.99998)
(7.99994 2.9999 4.99999)
(8.99996 2.99994 5)
(9.99997 2.99996 5)
(11 2.99998 5)
(12 2.99999 5)
(13 2.99999 5)
(14 3 5)
(15 3 5)
(16 3 5)
(17 3 5)
(18 3 5)
(19 3 5)
(20 3 5)
(0 3.99895 4.99949)
(0.999985 3.99904 4.99956)
(1.99996 3.99918 4.99967)
(2.99994 3.99935 4.99978)
(3.99992 3.99951 4.99987)
(4.99992 3.99966 4.99993)
(5.99993 3.99977 4.99997)
(6.99994 3.99985 4.99999)
(7.99995 3.9999 5)
(8.99997 3.99994 5)
(9.99998 3.99996 5)
(11 3.99998 5)
(12 3.99999 5)
(13 3.99999 5)
(14 4 5)
(15 4 5)
(16 4 5)
(17 4 5)
(18 4 5)
(19 4 5)
(20 4 5)
(0 4.99917 4.9997)
(0.999982 4.99923 4.99974)
(1.99996 4.99934 4.9998)
(2.99995 4.99947 4.99986)
(3.99994 4.99959 4.99991)
(4.99994 4.99971 4.99995)
(5.99994 4.9998 4.99998)
(6.99995 4.99986 4.99999)
(7.99996 4.99991 5)
(8.99997 4.99994 5)
(9.99998 4.99997 5)
(11 4.99998 5)
(12 4.99999 5)
(13 4.99999 5)
(14 5 5)
(15 5 5)
(16 5 5)
(17 5 5)
(18 5 5)
(19 5 5)
(20 5 5)
(0 5.99943 4.99982)
(0.999984 5.99947 4.99984)
(1.99997 5.99954 4.99988)
(2.99996 5.99963 4.99991)
(3.99995 5.99971 4.99994)
(4.99995 5.99979 4.99997)
(5.99996 5.99985 4.99998)
(6.99996 5.9999 4.99999)
(7.99997 5.99993 5)
(8.99998 5.99996 5)
(9.99998 5.99997 5)
(11 5.99998 5)
(12 5.99999 5)
(13 5.99999 5)
(14 6 5)
(15 6 5)
(16 6 5)
(17 6 5)
(18 6 5)
(19 6 5)
(20 6 5)
(0 6.9997 4.99989)
(0.999987 6.99973 4.9999)
(1.99998 6.99976 4.99992)
(2.99997 6.9998 4.99994)
(3.99996 6.99985 4.99996)
(4.99996 6.99989 4.99998)
(5.99997 6.99992 4.99999)
(6.99997 6.99995 4.99999)
(7.99998 6.99996 5)
(8.99998 6.99998 5)
(9.99999 6.99999 5)
(11 6.99999 5)
(12 6.99999 5)
(13 7 5)
(14 7 5)
(15 7 5)
(16 7 5)
(17 7 5)
(18 7 5)
(19 7 5)
(20 7 5)
(0 8 4.99992)
(0.999988 8 4.99993)
(1.99998 8 4.99994)
(2.99997 8 4.99996)
(3.99997 8 4.99997)
(4.99997 8 4.99998)
(5.99997 8 4.99999)
(6.99997 8 4.99999)
(7.99998 8 5)
(8.99998 8 5)
(9.99999 8 5)
(11 8 5)
(12 8 5)
(13 8 5)
(14 8 5)
(15 8 5)
(16 8 5)
(17 8 5)
(18 8 5)
(19 8 5)
(20 8 5)
(0 0 5.99872)
(1.00008 0 5.99893)
(2.00008 0 5.99925)
(3.00004 0 5.99954)
(3.99999 0 5.99975)
(4.99995 0 5.99987)
(5.99994 0 5.99994)
(6.99994 0 5.99998)
(7.99995 0 5.99999)
(8.99996 0 6)
(9.99997 0 6)
(11 0 6)
(12 0 6)
(13 0 6)
(14 0 6)
(15 0 6)
(16 0 6)
(17 0 6)
(18 0 6)
(19 0 6)
(20 0 6)
(0 0.999634 5.99891)
(1.00005 0.999666 5.99908)
(2.00005 0.999719 5.99935)
(3.00002 0.999784 5.9996)
(3.99998 0.999842 5.99977)
(4.99995 0.99989 5.99988)
(5.99994 0.999926 5.99995)
(6.99995 0.999951 5.99998)
(7.99996 0.999969 5.99999)
(8.99997 0.99998 6)
(9.99998 0.999988 6)
(11 0.999993 6)
(12 0.999996 6)
(13 0.999997 6)
(14 0.999999 6)
(15 0.999999 6)
(16 1 6)
(17 1 6)
(18 1 6)
(19 1 6)
(20 1 6)
(0 1.99939 5.99919)
(1.00002 1.99944 5.99931)
(2.00002 1.99953 5.99949)
(2.99999 1.99963 5.99968)
(3.99997 1.99972 5.99981)
(4.99995 1.99981 5.9999)
(5.99995 1.99987 5.99995)
(6.99995 1.99991 5.99998)
(7.99996 1.99994 5.99999)
(8.99997 1.99996 6)
(9.99998 1.99998 6)
(11 1.99999 6)
(12 1.99999 6)
(13 2 6)
(14 2 6)
(15 2 6)
(16 2 6)
(17 2 6)
(18 2 6)
(19 2 6)
(20 2 6)
(0 2.9993 5.99945)
(1 2.99936 5.99953)
(2 2.99945 5.99964)
(2.99998 2.99956 5.99976)
(3.99996 2.99967 5.99986)
(4.99995 2.99976 5.99992)
(5.99995 2.99984 5.99996)
(6.99996 2.99989 5.99998)
(7.99997 2.99993 5.99999)
(8.99997 2.99995 6)
(9.99998 2.99997 6)
(11 2.99998 6)
(12 2.99999 6)
(13 2.99999 6)
(14 3 6)
(15 3 6)
(16 3 6)
(17 3 6)
(18 3 6)
(19 3 6)
(20 3 6)
(0 3.99933 5.99965)
(0.999994 3.99939 5.9997)
(1.99998 3.99947 5.99977)
(2.99997 3.99957 5.99984)
(3.99996 3.99967 5.9999)
(4.99996 3.99976 5.99994)
(5.99996 3.99983 5.99997)
(6.99997 3.99989 5.99999)
(7.99997 3.99993 6)
(8.99998 3.99995 6)
(9.99998 3.99997 6)
(11 3.99998 6)
(12 3.99999 6)
(13 3.99999 6)
(14 4 6)
(15 4 6)
(16 4 6)
(17 4 6)
(18 4 6)
(19 4 6)
(20 4 6)
(0 4.99945 5.99979)
(0.999991 4.99949 5.99981)
(1.99998 4.99956 5.99985)
(2.99997 4.99964 5.9999)
(3.99997 4.99972 5.99993)
(4.99997 4.99979 5.99996)
(5.99997 4.99985 5.99998)
(6.99997 4.9999 5.99999)
(7.99998 4.99993 6)
(8.99998 4.99996 6)
(9.99999 4.99997 6)
(11 4.99998 6)
(12 4.99999 6)
(13 4.99999 6)
(14 5 6)
(15 5 6)
(16 5 6)
(17 5 6)
(18 5 6)
(19 5 6)
(20 5 6)
(0 5.99961 5.99987)
(0.999991 5.99964 5.99989)
(1.99998 5.99969 5.99991)
(2.99998 5.99974 5.99993)
(3.99997 5.9998 5.99996)
(4.99997 5.99985 5.99997)
(5.99997 5.99989 5.99999)
(6.99998 5.99993 5.99999)
(7.99998 5.99995 6)
(8.99999 5.99997 6)
(9.99999 5.99998 6)
(11 5.99999 6)
(12 5.99999 6)
(13 6 6)
(14 6 6)
(15 6 6)
(16 6 6)
(17 6 6)
(18 6 6)
(19 6 6)
(20 6 6)
(0 6.9998 5.99992)
(0.999992 6.99981 5.99993)
(1.99999 6.99983 5.99994)
(2.99998 6.99986 5.99996)
(3.99998 6.99989 5.99997)
(4.99998 6.99992 5.99998)
(5.99998 6.99994 5.99999)
(6.99998 6.99996 5.99999)
(7.99999 6.99997 6)
(8.99999 6.99998 6)
(9.99999 6.99999 6)
(11 6.99999 6)
(12 7 6)
(13 7 6)
(14 7 6)
(15 7 6)
(16 7 6)
(17 7 6)
(18 7 6)
(19 7 6)
(20 7 6)
(0 8 5.99994)
(0.999993 8 5.99995)
(1.99999 8 5.99996)
(2.99998 8 5.99997)
(3.99998 8 5.99998)
(4.99998 8 5.99999)
(5.99998 8 5.99999)
(6.99998 8 6)
(7.99999 8 6)
(8.99999 8 6)
(9.99999 8 6)
(11 8 6)
(12 8 6)
(13 8 6)
(14 8 6)
(15 8 6)
(16 8 6)
(17 8 6)
(18 8 6)
(19 8 6)
(20 8 6)
(0 0 6.99941)
(1.00003 0 6.9995)
(2.00004 0 6.99963)
(3.00002 0 6.99976)
(4 0 6.99986)
(4.99998 0 6.99993)
(5.99997 0 6.99996)
(6.99997 0 6.99998)
(7.99997 0 6.99999)
(8.99998 0 7)
(9.99998 0 7)
(11 0 7)
(12 0 7)
(13 0 7)
(14 0 7)
(15 0 7)
(16 0 7)
(17 0 7)
(18 0 7)
(19 0 7)
(20 0 7)
(0 0.999782 6.99949)
(1.00002 0.9998 6.99956)
(2.00003 0.999828 6.99968)
(3.00002 0.999863 6.99979)
(4 0.999896 6.99988)
(4.99998 0.999924 6.99993)
(5.99997 0.999947 6.99997)
(6.99997 0.999964 6.99999)
(7.99998 0.999976 6.99999)
(8.99998 0.999985 7)
(9.99999 0.99999 7)
(11 0.999994 7)
(12 0.999996 7)
(13 0.999998 7)
(14 0.999999 7)
(15 0.999999 7)
(16 1 7)
(17 1 7)
(18 1 7)
(19 1 7)
(20 1 7)
(0 1.99962 6.99961)
(1.00001 1.99965 6.99966)
(2.00001 1.9997 6.99975)
(3 1.99976 6.99983)
(3.99999 1.99982 6.9999)
(4.99998 1.99986 6.99994)
(5.99998 1.9999 6.99997)
(6.99998 1.99994 6.99999)
(7.99998 1.99996 7)
(8.99998 1.99997 7)
(9.99999 1.99998 7)
(11 1.99999 7)
(12 1.99999 7)
(13 2 7)
(14 2 7)
(15 2 7)
(16 2 7)
(17 2 7)
(18 2 7)
(19 2 7)
(20 2 7)
(0 2.99955 6.99973)
(1 2.99959 6.99976)
(2 2.99964 6.99982)
(2.99999 2.99971 6.99988)
(3.99999 2.99977 6.99992)
(4.99998 2.99983 6.99996)
(5.99998 2.99988 6.99998)
(6.99998 2.99992 6.99999)
(7.99998 2.99995 7)
(8.99998 2.99996 7)
(9.99999 2.99998 7)
(11 2.99999 7)
(12 2.99999 7)
(13 2.99999 7)
(14 3 7)
(15 3 7)
(16 3 7)
(17 3 7)
(18 3 7)
(19 3 7)
(20 3 7)
(0 3.99956 6.99982)
(0.999998 3.99959 6.99984)
(1.99999 3.99964 6.99988)
(2.99999 3.99971 6.99991)
(3.99998 3.99977 6.99995)
(4.99998 3.99983 6.99997)
(5.99998 3.99988 6.99998)
(6.99998 3.99991 6.99999)
(7.99998 3.99994 7)
(8.99999 3.99996 7)
(9.99999 3.99998 7)
(11 3.99999 7)
(12 3.99999 7)
(13 3.99999 7)
(14 4 7)
(15 4 7)
(16 4 7)
(17 4 7)
(18 4 7)
(19 4 7)
(20 4 7)
(0 4.99962 6.99989)
(0.999996 4.99965 6.9999)
(1.99999 4.99969 6.99992)
(2.99999 4.99975 6.99994)
(3.99998 4.9998 6.99996)
(4.99998 4.99985 6.99998)
(5.99998 4.99989 6.99999)
(6.99998 4.99992 6.99999)
(7.99999 4.99995 7)
(8.99999 4.99997 7)
(9.99999 4.99998 7)
(11 4.99999 7)
(12 4.99999 7)
(13 5 7)
(14 5 7)
(15 5 7)
(16 5 7)
(17 5 7)
(18 5 7)
(19 5 7)
(20 5 7)
(0 5.99973 6.99993)
(0.999996 5.99975 6.99994)
(1.99999 5.99978 6.99995)
(2.99999 5.99981 6.99996)
(3.99998 5.99985 6.99998)
(4.99998 5.99989 6.99999)
(5.99998 5.99992 6.99999)
(6.99999 5.99994 7)
(7.99999 5.99996 7)
(8.99999 5.99997 7)
(9.99999 5.99998 7)
(11 5.99999 7)
(12 5.99999 7)
(13 6 7)
(14 6 7)
(15 6 7)
(16 6 7)
(17 6 7)
(18 6 7)
(19 6 7)
(20 6 7)
(0 6.99986 6.99996)
(0.999996 6.99987 6.99996)
(1.99999 6.99988 6.99997)
(2.99999 6.9999 6.99998)
(3.99999 6.99992 6.99998)
(4.99999 6.99994 6.99999)
(5.99999 6.99996 6.99999)
(6.99999 6.99997 7)
(7.99999 6.99998 7)
(8.99999 6.99999 7)
(9.99999 6.99999 7)
(11 6.99999 7)
(12 7 7)
(13 7 7)
(14 7 7)
(15 7 7)
(16 7 7)
(17 7 7)
(18 7 7)
(19 7 7)
(20 7 7)
(0 8 6.99997)
(0.999996 8 6.99997)
(1.99999 8 6.99998)
(2.99999 8 6.99998)
(3.99999 8 6.99999)
(4.99999 8 6.99999)
(5.99999 8 7)
(6.99999 8 7)
(7.99999 8 7)
(8.99999 8 7)
(9.99999 8 7)
(11 8 7)
(12 8 7)
(13 8 7)
(14 8 7)
(15 8 7)
(16 8 7)
(17 8 7)
(18 8 7)
(19 8 7)
(20 8 7)
(0 0 8)
(1.00002 0 8)
(2.00002 0 8)
(3.00002 0 8)
(4.00001 0 8)
(4.99999 0 8)
(5.99999 0 8)
(6.99998 0 8)
(7.99998 0 8)
(8.99999 0 8)
(9.99999 0 8)
(11 0 8)
(12 0 8)
(13 0 8)
(14 0 8)
(15 0 8)
(16 0 8)
(17 0 8)
(18 0 8)
(19 0 8)
(20 0 8)
(0 0.999844 8)
(1.00001 0.999856 8)
(2.00002 0.999874 8)
(3.00001 0.999897 8)
(4 0.99992 8)
(4.99999 0.99994 8)
(5.99999 0.999957 8)
(6.99998 0.99997 8)
(7.99998 0.99998 8)
(8.99999 0.999987 8)
(9.99999 0.999992 8)
(11 0.999995 8)
(12 0.999997 8)
(13 0.999998 8)
(14 0.999999 8)
(15 0.999999 8)
(16 1 8)
(17 1 8)
(18 1 8)
(19 1 8)
(20 1 8)
(0 1.99972 8)
(1.00001 1.99975 8)
(2.00001 1.99978 8)
(3.00001 1.99982 8)
(4 1.99986 8)
(4.99999 1.99989 8)
(5.99999 1.99992 8)
(6.99998 1.99995 8)
(7.99999 1.99996 8)
(8.99999 1.99998 8)
(9.99999 1.99998 8)
(11 1.99999 8)
(12 1.99999 8)
(13 2 8)
(14 2 8)
(15 2 8)
(16 2 8)
(17 2 8)
(18 2 8)
(19 2 8)
(20 2 8)
(0 2.99966 8)
(1 2.99969 8)
(2 2.99973 8)
(3 2.99977 8)
(3.99999 2.99982 8)
(4.99999 2.99986 8)
(5.99999 2.9999 8)
(6.99999 2.99993 8)
(7.99999 2.99995 8)
(8.99999 2.99997 8)
(9.99999 2.99998 8)
(11 2.99999 8)
(12 2.99999 8)
(13 3 8)
(14 3 8)
(15 3 8)
(16 3 8)
(17 3 8)
(18 3 8)
(19 3 8)
(20 3 8)
(0 3.99966 8)
(1 3.99968 8)
(2 3.99972 8)
(2.99999 3.99977 8)
(3.99999 3.99981 8)
(4.99999 3.99986 8)
(5.99999 3.9999 8)
(6.99999 3.99993 8)
(7.99999 3.99995 8)
(8.99999 3.99997 8)
(9.99999 3.99998 8)
(11 3.99999 8)
(12 3.99999 8)
(13 4 8)
(14 4 8)
(15 4 8)
(16 4 8)
(17 4 8)
(18 4 8)
(19 4 8)
(20 4 8)
(0 4.9997 8)
(0.999998 4.99972 8)
(2 4.99976 8)
(2.99999 4.99979 8)
(3.99999 4.99984 8)
(4.99999 4.99987 8)
(5.99999 4.99991 8)
(6.99999 4.99993 8)
(7.99999 4.99996 8)
(8.99999 4.99997 8)
(9.99999 4.99998 8)
(11 4.99999 8)
(12 4.99999 8)
(13 5 8)
(14 5 8)
(15 5 8)
(16 5 8)
(17 5 8)
(18 5 8)
(19 5 8)
(20 5 8)
(0 5.99978 8)
(0.999997 5.9998 8)
(1.99999 5.99982 8)
(2.99999 5.99985 8)
(3.99999 5.99988 8)
(4.99999 5.99991 8)
(5.99999 5.99993 8)
(6.99999 5.99995 8)
(7.99999 5.99997 8)
(8.99999 5.99998 8)
(9.99999 5.99999 8)
(11 5.99999 8)
(12 5.99999 8)
(13 6 8)
(14 6 8)
(15 6 8)
(16 6 8)
(17 6 8)
(18 6 8)
(19 6 8)
(20 6 8)
(0 6.99988 8)
(0.999997 6.99989 8)
(1.99999 6.9999 8)
(2.99999 6.99992 8)
(3.99999 6.99993 8)
(4.99999 6.99995 8)
(5.99999 6.99996 8)
(6.99999 6.99997 8)
(7.99999 6.99998 8)
(8.99999 6.99999 8)
(10 6.99999 8)
(11 6.99999 8)
(12 7 8)
(13 7 8)
(14 7 8)
(15 7 8)
(16 7 8)
(17 7 8)
(18 7 8)
(19 7 8)
(20 7 8)
(0 8 8)
(0.999997 8 8)
(1.99999 8 8)
(2.99999 8 8)
(3.99999 8 8)
(4.99999 8 8)
(5.99999 8 8)
(6.99999 8 8)
(7.99999 8 8)
(8.99999 8 8)
(10 8 8)
(11 8 8)
(12 8 8)
(13 8 8)
(14 8 8)
(15 8 8)
(16 8 8)
(17 8 8)
(18 8 8)
(19 8 8)
(20 8 8)
(0.50288 0.481194 0.500242)
(1.49311 0.476491 0.497833)
(0.468923 0 0)
(0 0.48533 0)
(1.00479 0.473642 0)
(1.9797 0.489726 0)
(1.98523 0 0.497561)
(0.502651 0.982088 0)
(0 0.981695 0.50329)
(1.49446 0.979141 0)
(1.00415 0.974709 0.497104)
(1.99292 0.989528 0.500368)
(0 0.469884 1.00283)
(1.50913 0 0.999761)
(1.00417 0.4695 0.98151)
(1.99855 0.496322 1.00441)
(0.501423 0.981362 0.995211)
(1.49781 0.986343 0.996489)
(1.01984 0.459575 0.495992)
(0.503244 0.979544 0.499974)
(0.495293 0.474728 0.991247)
(1.98695 0.493336 0.500996)
(1.49622 0.980737 0.498921)
(1.49658 0.489847 0.993446)
(0 0.477078 0.514492)
(0.506491 0.485908 0)
(1.48872 0.468281 0)
(0.243345 0.240976 0.246336)
(1.19906 0.18392 0.317378)
(2.49046 0.49663 0.501012)
(0.500767 1.48409 0.499551)
(0.508408 0.495303 1.48446)
(1.50084 0.495624 1.49472)
(0.74908 0.204856 0.302435)
(0.231448 0.235504 0.77657)
(0.684066 0.21622 0.764008)
(0.249945 0.728184 0.753579)
(0.76168 0.720048 0.737184)
(1.72172 0.240423 0.254164)
(1.21881 0.183668 0.76289)
(1.71605 0.21033 0.729555)
(0.128785 0 0)
(0 0.241438 0)
(0.745783 0 0)
(1.1897 0 0)
(1.00424 0.227009 0)
(2.48392 0 0)
(1.73804 0 0)
(1.97525 0.245021 0)
(1.98424 0 0.246982)
(2.99141 0.497796 0)
(2.99236 0 0.500822)
(0 1.48526 0)
(0.999672 1.48311 0)
(2.49128 0.993317 0)
(2.99503 0.996721 0.500466)
(0.499954 1.98736 0)
(0 1.98797 0.499757)
(0.999469 1.98797 0.499359)
(0 0 1.48519)
(0 0.213231 0.986588)
(1.01072 0 1.49053)
(1.26733 0 0.982352)
(0.993839 0.193861 0.983688)
(2.49685 0 1.00409)
(2.00268 0 1.50522)
(1.99402 0 0.753739)
(1.71297 0 1.01632)
(2.00137 0.245999 1.00852)
(2.99612 0.498529 1.00124)
(0 1.48639 0.998897)
(0 0.98909 1.4942)
(0 0.980786 0.752578)
(0 0.727956 1.00163)
(0.250382 0.981795 0.998216)
(1.00011 1.48618 0.997152)
(1.00124 0.989839 1.49321)
(1.00425 0.975993 0.74333)
(1.00397 0.725563 0.986472)
(0.752716 0.980557 0.992698)
(2.49638 0.99586 1.00097)
(1.99902 0.995429 1.49956)
(0.500017 1.98924 0.998678)
(0.509003 0 1.98842)
(0 0.496805 1.98952)
(1.50308 0 1.99555)
(1.00375 0.496782 1.99185)
(2.00084 0.498393 1.99937)
(0.501826 0.994296 1.99322)
(1.5006 0.995525 1.99655)
(0.762849 0.466055 0.497058)
(0.505602 0.727577 0.50102)
(0.504293 0.468279 0.741978)
(0.248392 0.488746 0.509886)
(0.512302 0.488503 0.264984)
(0.457329 0.252208 0.491949)
(1.24894 0.4568 0.495197)
(1.7375 0.488521 0.500809)
(1.49631 0.48287 0.743468)
(1.49055 0.470354 0.248306)
(1.48873 0.213338 0.528027)
(0.50263 0.229917 0)
(0 0.480983 0.254218)
(0.247485 0.486547 0)
(0 0.210553 0.525487)
(0.214891 0 0.466528)
(1.48541 0.206685 0)
(1.00547 0.470596 0.257009)
(0.760956 0.482821 0)
(1.25118 0.46467 0)
(1.02065 0.225105 0.513062)
(1.98133 0.49074 0.250265)
(1.72986 0.482226 0)
(1.98185 0.247117 0.498823)
(1.69939 0 0.461137)
(0.251104 0.981508 0.50208)
(0 0.730078 0.507317)
(1.01055 0.716296 0.49533)
(0.75522 0.976375 0.497823)
(0.495476 0.23288 1.00822)
(0.245042 0.468562 1.00313)
(0 0.468971 0.764167)
(1.50732 0.257398 0.99694)
(1.51213 0 0.769016)
(1.02486 0.452595 0.722245)
(0.752355 0.473712 0.982721)
(1.24206 0.477434 0.980144)
(1.99434 0.495456 0.753439)
(1.74925 0.495064 1.00335)
(0.502638 0.979054 0.747193)
(0.500792 0.728021 0.992562)
(0.584446 0.213274 0.315935)
(0.248835 0.486491 0.254675)
(0.265177 0.226293 0.543972)
(0.992906 0.241955 0.265765)
(1.48842 0.21236 0.230043)
(1.24686 0.467528 0.253337)
(1.25268 0.14243 0.483166)
(2.99326 0.498162 0.500745)
(2.49335 0.994364 0.500626)
(2.49623 0.497764 1.00242)
(1.97592 0.245666 0.249162)
(1.995 0.247934 0.754983)
(1.00013 1.48337 0.498859)
(0.500008 1.9878 0.499522)
(0.500528 1.48603 0.99782)
(0.250716 0.98065 0.750755)
(0.755041 0.97685 0.743898)
(1.00379 0.491912 1.48761)
(0.501856 0.98974 1.49306)
(0.504826 0.497184 1.98962)
(0.236 0.180088 0.998215)
(0.76479 0.274187 1.01514)
(0.249332 0.727905 0.999069)
(0.754442 0.726569 0.987165)
(2.00044 0.497928 1.5016)
(1.49967 0.992203 1.49612)
(1.50182 0.497414 1.99557)
(1.19273 0.191962 0.922417)
(1.75313 0.240098 1.01097)
(0.762252 0.481555 0.26787)
(0.741944 0.258588 0.498977)
(0.250952 0.731294 0.505095)
(0.761405 0.720364 0.496741)
(0.503017 0.227746 0.730827)
(0.246232 0.480208 0.759963)
(0.765777 0.469664 0.732361)
(0.973049 0.123541 0.717532)
(0.503999 0.724783 0.745283)
(1.01132 0.717293 0.736259)
(1.73223 0.483591 0.250503)
(1.72467 0.239467 0.495681)
(1.50985 0.217642 0.713142)
(1.24101 0.456389 0.739339)
(1.7477 0.493693 0.754279)
(0 0.217939 0.268187)
(0 1.48501 0.500388)
(0 0.492301 1.48779)
(0 0.174722 0.772046)
(0 0.727116 0.757036)
(0.234592 0.239548 0)
(0.500655 1.48422 0)
(1.28267 0.196554 0)
(2.48619 0.495523 0)
(0.769477 0.235878 0)
(1.72083 0.239411 0)
(0.222864 0 0.210204)
(0.528057 0 1.50253)
(1.50421 0 1.49596)
(2.48866 0 0.50089)
(1.73113 0 0.257292)
(1.74409 0 0.747636)
(1.27804 0 0.77486)
(0.0849057 0.062863 0.167883)
(1.1092 0.0602086 0.152121)
(1.49752 1.48582 0.49932)
(0.258933 0.243361 1.2383)
(1.24744 0.243246 1.23238)
(2.49918 0.49855 1.50194)
(0.873361 0.0748268 0.161889)
(0.25112 0.733322 0.253439)
(0.757809 0.726189 0.253993)
(0.0650215 0.183992 0.914891)
(1.24926 0.720281 0.250796)
(1.2494 0.720729 0.742037)
(1.74514 0.738888 0.750327)
(0.366985 0.360967 0.380176)
(0.337972 0.0599111 0.21313)
(0.117388 0.100675 0.366458)
(0.35609 0.126639 0.406633)
(1.37879 0.0875443 0.10695)
(1.11619 0.103729 0.402796)
(1.13566 0.342485 0.374819)
(1.36373 0.109221 0.384653)
(0.766447 0.216424 1.20477)
(1.75307 0.248931 1.25602)
(0.639789 0.366336 0.397686)
(0.628837 0.0687371 0.156304)
(0.858688 0.168793 0.358245)
(0.877232 0.328696 0.388914)
(0.388855 0.36028 0.641774)
(0.112889 0.175226 0.612287)
(0.42548 0.184342 0.930987)
(0.374559 0.374661 0.865992)
(0.111105 0.359752 0.64918)
(0.643239 0.341604 0.624833)
(0.558237 0.174726 0.927303)
(0.87863 0.340927 0.867552)
(0.874445 0.306065 0.659615)
(0.616024 0.314665 0.838765)
(1.55714 0.0882181 0.144396)
(1.63169 0.0881827 0.416484)
(1.36634 0.207086 0.890306)
(1.11397 0.339899 0.853479)
(1.12903 0.298308 0.635965)
(1.36205 0.357494 0.858374)
(1.4286 0.100254 0.6367)
(1.62393 0.377479 0.618353)
(1.615 0.0926417 0.911238)
(1.54983 0.156497 0.615902)
(0.0980003 0.0403724 0)
(0 0.129555 0)
(0 -0.0623565 0.149205)
(0.84634 0 0)
(1.10366 0 0)
(1.00109 0.104854 0)
(0.999385 0 0.152554)
(0 0.734114 0)
(0.251037 0.983462 0)
(0 0.982906 0.252022)
(1.003 0.724024 0)
(0.753188 0.97962 0)
(1.24824 0.976757 0)
(1.00238 0.975883 0.25)
(1.99496 1.48914 0)
(1.49797 1.98866 0)
(1.99741 1.9916 0.499814)
(0 0 1.23429)
(0.094906 0 1.03135)
(0 0.0856766 0.926851)
(0.982023 0 1.22209)
(2.00406 0 1.26117)
(2.99839 0 1.50163)
(1.24936 0.982466 0.993816)
(1.99748 1.49213 0.999607)
(1.995 0.991114 0.75047)
(1.99699 0.744152 1.00159)
(1.74716 0.99009 0.999043)
(2.99819 0.997861 1.50058)
(1.49881 1.99096 0.998978)
(2.5004 0 2.00104)
(2.99926 0.499135 2.00058)
(2.49947 0.997723 1.9999)
(0.633957 0.475766 0.500772)
(0.509465 0.472216 0.618811)
(0.378181 0.48487 0.502818)
(0.505575 0.485892 0.384816)
(0.489637 0.362926 0.495766)
(1.49494 0.727085 0.498775)
(1.6144 0.483822 0.500807)
(1.49416 0.48272 0.621099)
(1.49308 0.353818 0.497403)
(0.319025 0 0)
(0.62592 0 0)
(0.493108 0.0965946 0)
(0.465676 0 0.155427)
(0 0.0791279 0.512964)
(0.204392 0.0559663 0.487213)
(1.63309 0 0)
(1.48102 0.086164 0)
(0.503074 0.981165 0.251367)
(0.504422 0.732862 0)
(1.49519 0.979522 0.249822)
(1.49211 0.724812 0)
(1.24974 0.976261 0.497905)
(1.99059 0.740624 0.500767)
(1.74399 0.985763 0.499871)
(0.487756 0.115252 1.02451)
(0 0.483406 1.24144)
(1.35449 0 0.922703)
(1.64066 0 1.00823)
(1.52625 0.122878 0.964635)
(1.53501 0 0.899086)
(1.50721 0 1.24664)
(1.00095 0.336586 0.983563)
(1.01116 0.465877 0.850886)
(0.882275 0.467421 0.982348)
(1.12233 0.474663 0.981759)
(1.00176 0.485054 1.2358)
(1.99994 0.497551 1.2534)
(1.49702 0.983014 0.747531)
(1.49688 0.735746 0.994879)
(0.902296 0.455755 0.492697)
(1.13375 0.458885 0.498116)
(1.0111 0.463237 0.378026)
(1.0179 0.344735 0.503701)
(1.02639 0.45916 0.612977)
(0.503563 0.489192 1.23671)
(0.494552 0.474498 0.869005)
(0.491205 0.348375 0.996603)
(0.369723 0.469485 0.990979)
(0.624247 0.479471 0.986946)
(1.49931 0.494462 1.24368)
(1.4949 0.485437 0.869624)
(1.49859 0.37048 0.994146)
(1.36909 0.484004 0.985923)
(0.121567 0.483865 0.513064)
(0 0.347202 0.519761)
(0 0.472533 0.642757)
(0.308614 0 0.412328)
(1.48049 0.0966229 0.528563)
(1.64708 0 0.528294)
(1.50277 0 0.680702)
(0.367972 0.24904 0.267049)
(0.24629 0.363166 0.252812)
(0.238404 0.243989 0.373327)
(0.132409 0.227233 0.226409)
(0.235053 0.236702 0.128407)
(0.243525 0.12394 0.231815)
(1.14399 0.204488 0.290704)
(1.36119 0.209914 0.248676)
(1.24095 0.343887 0.260233)
(1.25917 0.204639 0.36563)
(1.25224 0.219991 0.139929)
(1.20642 0.0905875 0.295727)
(0.756891 0.494268 1.48646)
(0.256024 0.493728 1.48603)
(0.515846 0.252371 1.47738)
(1.25118 0.492889 1.49022)
(1.7508 0.497268 1.49946)
(1.50271 0.248845 1.495)
(0.680012 0.238177 0.360839)
(0.881362 0.241123 0.264975)
(0.764919 0.365431 0.281503)
(0.754396 0.196845 0.394914)
(0.777736 0.239985 0.14482)
(0.809347 0.154228 0.246625)
(0.262717 0.250512 0.661234)
(0.24422 0.194593 0.882812)
(0.345038 0.263914 0.726919)
(0.240506 0.358047 0.766879)
(0.121889 0.238043 0.760289)
(0.735468 0.213245 0.83217)
(0.746034 0.194292 0.699031)
(0.637158 0.22972 0.681976)
(0.742731 0.310776 0.760734)
(0.875715 0.174567 0.773568)
(1.62467 0.220929 0.255059)
(1.72371 0.239816 0.373289)
(1.71448 0.243789 0.131028)
(1.6707 0.0904688 0.260368)
(1.20782 0.238213 0.603687)
(1.20337 0.188427 0.800436)
(1.08468 0.138072 0.781579)
(1.35307 0.168302 0.743983)
(1.22822 0.316131 0.744109)
(1.31936 0.118578 0.739482)
(1.76107 0.242756 0.886134)
(1.6826 0.205164 0.652218)
(1.60209 0.227144 0.745253)
(1.75449 0.372262 0.76021)
(1.66321 0.167792 0.7003)
(0.225834 0.120092 0)
(0.161359 0 0.112102)
(0 0.228591 0.123777)
(0.118745 0.241208 0)
(0 0.0612342 0.319817)
(0.170211 0 0.182126)
(0.776435 0.109232 0)
(0.741298 0 0.154961)
(1.3646 0.0191551 0)
(1.21951 0 0.0924151)
(0.998498 0.2308 0.130969)
(1.136 0.21522 0)
(0.883004 0.232831 0)
(0.971316 0.16113 0.26815)
(1.72008 0.122558 0)
(1.69717 0 0.148694)
(0 0.247399 1.48338)
(0.259436 0 1.49026)
(0.306547 0.152943 1.05552)
(0.151653 0.173024 0.969974)
(0 0.175969 0.860254)
(1.00607 0.244957 1.4869)
(0.770554 0 1.47973)
(1.25535 0 1.4909)
(1.24132 0.129325 0.964327)
(1.32272 0 0.852329)
(0.875166 0.177653 1.01161)
(1.1173 0.221569 0.981635)
(1.0007 0.270225 0.858446)
(2.00178 0.249203 1.50372)
(1.75391 0 1.5036)
(1.70002 0.0486691 0.978492)
(1.72207 0 0.911471)
(0.760081 0.471311 0.384279)
(0.75354 0.350505 0.506539)
(0.77072 0.457781 0.619347)
(0.504232 0.337194 0.741278)
(0.372559 0.480884 0.748733)
(0.639809 0.456595 0.734602)
(0.247324 0.487272 0.381023)
(0.243782 0.375452 0.51294)
(0.25102 0.487136 0.63926)
(0.525077 0.369616 0.274525)
(0.377442 0.488122 0.259334)
(0.641615 0.488253 0.271107)
(0.49761 0.228485 0.403349)
(0.403891 0.207523 0.469303)
(0.619286 0.263579 0.510176)
(0.529708 0.221446 0.571999)
(1.24979 0.464602 0.374011)
(1.24772 0.313536 0.491475)
(1.24329 0.457341 0.615962)
(1.73297 0.365383 0.500589)
(1.74268 0.492162 0.625958)
(1.50246 0.363067 0.735832)
(1.36724 0.46712 0.741197)
(1.62131 0.491861 0.751686)
(1.50132 0.215936 0.378203)
(1.36152 0.179911 0.514529)
(1.56193 0.177049 0.546606)
(1.48197 0.258269 0.637001)
(0.517814 0.227169 0.138772)
(0.354464 0.234605 0)
(0.638977 0.234928 0)
(0.48552 0.151505 0.258494)
(0.347996 0 0.231599)
(0.106759 0.250245 0.533841)
(0 0.226283 0.370074)
(0 0.165309 0.688501)
(0.23799 0.139943 0.518013)
(0.256754 0 0.352534)
(1.4824 0.212166 0.107926)
(1.37681 0.179879 0)
(1.59785 0.229061 0)
(1.47917 0.0978633 0.196328)
(1.00185 0.350882 0.26177)
(1.1266 0.469937 0.25365)
(0.884181 0.473571 0.261774)
(1.00167 0.213217 0.394453)
(1.1304 0.25393 0.508174)
(0.900702 0.186774 0.508886)
(1.00717 0.278788 0.64057)
(1.33264 0 0.630869)
(1.6642 0.0903786 0.438071)
(1.72797 0 0.353639)
(1.72681 0 0.622623)
(0.335443 0.188117 0.965309)
(0.648386 0.222509 1.00518)
(0.502147 0.277596 0.885968)
(0.239887 0.33379 1.0141)
(0.246033 0.473713 0.881004)
(0.122197 0.477649 0.763483)
(0 0.330831 0.767523)
(1.37229 0.250587 0.971774)
(1.62306 0.263081 1.00801)
(1.45409 0.195514 0.843604)
(1.50871 0.126921 0.754877)
(1.61543 0 0.751421)
(1.38481 0 0.758486)
(0.926241 0.464514 0.705799)
(1.01817 0.307346 0.720013)
(1.12748 0.447946 0.737288)
(0.750878 0.354385 0.989741)
(0.749692 0.456394 0.845184)
(1.23315 0.35273 0.968298)
(1.23967 0.467891 0.855255)
(0.224883 0.113942 0.127882)
(0.123291 0.231135 0.123029)
(0.120965 0.0618077 0.19871)
(0.997255 0.0713428 0.156683)
(1.26367 0.0907632 0.15222)
(1.12044 0.22414 0.128236)
(1.1106 0.136719 0.271452)
(0.251166 0.982716 0.251713)
(1.99594 1.48999 0.499914)
(1.49831 1.98938 0.49954)
(1.49842 1.48841 0.998207)
(1.24886 0.976252 0.249813)
(1.24979 0.978176 0.745303)
(1.74574 0.987851 0.749508)
(0.0906541 0.131048 0.946081)
(0.505405 0.253345 1.23339)
(0.252075 0.483886 1.24066)
(0.263327 0.250076 1.48057)
(0.384113 0.165255 1.02907)
(0.36497 0.32924 0.982878)
(0.958238 0.186264 1.18468)
(1.50395 0.251765 1.24392)
(1.24793 0.487595 1.23571)
(1.25296 0.246253 1.48895)
(1.40639 0.121922 0.944319)
(1.11811 0.354452 0.980492)
(1.36845 0.364045 0.980427)
(2.99825 0.498897 1.50116)
(2.49852 0.997024 1.5006)
(2.50003 0.4989 2.00056)
(2.00218 0.248526 1.2574)
(0.807491 0.0744724 0.157439)
(0.881646 0.234882 0.136012)
(0.886914 0.16432 0.262616)
(0.505583 0.731656 0.254453)
(0.374763 0.486343 0.381523)
(1.00496 0.720498 0.251911)
(0.753993 0.978272 0.250711)
(0.636405 0.482274 0.387499)
(0.887208 0.46167 0.380685)
(0.120214 0.237206 0.92453)
(0.878607 0.250514 0.884856)
(1.6559 0.0903905 0.180839)
(1.49334 0.725361 0.25002)
(1.25045 0.718623 0.497196)
(1.13157 0.464703 0.375606)
(1.74176 0.735824 0.500273)
(1.28601 0.159286 0.842728)
(1.10352 0.232119 0.849068)
(1.71586 0.0586781 0.911064)
(1.49568 0.730477 0.746348)
(1.24816 0.728548 0.989212)
(1.12329 0.464696 0.855622)
(1.13304 0.448371 0.6201)
(1.3666 0.477465 0.862355)
(1.99432 0.742587 0.751441)
(1.74734 0.741425 0.999899)
(1.61948 0.490429 0.623319)
(0.243152 0.365227 0.378806)
(0.375448 0.365878 0.262106)
(0.383575 0.189207 0.408283)
(0.501736 0.368444 0.390987)
(0.381824 0.363705 0.495023)
(0.34626 0.23422 0.143546)
(0.38223 0.132163 0.28398)
(0.520822 0.0384753 0.156162)
(0.126221 0.229624 0.346467)
(0.251769 0.124646 0.373932)
(0.138987 0.0853342 0.540226)
(0.115724 0.364254 0.519058)
(0.32143 0.141341 0.448078)
(1.25125 0.341037 0.371579)
(1.33409 0.189894 0.415584)
(1.37044 0.205217 0.117987)
(1.36284 0.100655 0.229269)
(1.4753 0.0916098 0.0851754)
(1.12323 0.351652 0.254821)
(1.14229 0.198989 0.368774)
(1.31481 0.104174 0.319354)
(0.982091 0.0812037 0.386266)
(1.00956 0.340763 0.381185)
(1.13338 0.339123 0.503881)
(1.53472 0.0949341 0.366283)
(1.41932 0.0985383 0.429518)
(0.755073 0.490721 1.23747)
(0.762624 0.249412 1.48305)
(0.594149 0.124659 0.988859)
(0.879785 0.329067 0.991507)
(0.622872 0.36113 0.990633)
(1.75021 0.497046 1.25127)
(1.75252 0.249304 1.50165)
(1.59961 0.119652 0.97693)
(0.753782 0.344982 0.392625)
(0.656508 0.376761 0.294232)
(0.649346 0.249914 0.413368)
(0.627677 0.360316 0.504486)
(0.650448 0.241497 0.153713)
(0.88238 0.353437 0.268285)
(0.859365 0.173658 0.414582)
(0.818826 0.17844 0.291354)
(0.89304 0.334353 0.504805)
(0.36333 0.365943 0.743636)
(0.255715 0.376934 0.652296)
(0.408526 0.238283 0.674088)
(0.515571 0.342823 0.607207)
(0.380568 0.48182 0.63089)
(0.086127 0.216336 0.674941)
(0.188827 0.202583 0.591076)
(0.371882 0.233884 0.87793)
(0.486795 0.160417 0.922346)
(0.244161 0.341611 0.886668)
(0.120597 0.356161 0.766634)
(0.5332 0.302783 0.872402)
(0.372266 0.481245 0.869777)
(0.120945 0.481176 0.641501)
(0.7791 0.292991 0.681152)
(0.671278 0.273356 0.758636)
(0.644913 0.265978 0.627484)
(0.64058 0.464938 0.618756)
(0.918246 0.291105 0.629571)
(0.611409 0.230144 0.876391)
(0.875545 0.305098 0.711207)
(0.698087 0.270272 0.820157)
(0.893764 0.464219 0.846612)
(1.00592 0.34818 0.853184)
(0.924692 0.460166 0.602861)
(1.01745 0.347927 0.62723)
(0.624284 0.477217 0.859265)
(1.62054 0.219595 0.391148)
(1.60853 0.35941 0.504904)
(1.59172 0.229793 0.129488)
(1.6561 0.0896242 0.25949)
(1.6638 0.0896597 0.354398)
(1.58887 0.0874776 0.474988)
(1.22913 0.328841 0.611903)
(1.36278 0.327368 0.741631)
(1.38182 0.227646 0.60487)
(1.49272 0.368988 0.622809)
(1.12517 0.112208 0.687181)
(1.31479 0.105579 0.583418)
(1.35942 0.228103 0.833516)
(1.42695 0.122441 0.754247)
(1.50076 0.117479 0.881624)
(1.1127 0.295365 0.749254)
(1.22459 0.338265 0.838274)
(1.49388 0.362589 0.872521)
(1.48566 0.06861 0.671214)
(1.74202 0.371126 0.624952)
(1.62202 0.376083 0.759923)
(1.62507 0.236324 0.604785)
(1.65097 0.173906 0.666751)
(1.62266 0.251657 0.889489)
(1.57753 0.165197 0.683921)
(0 0.0631961 0.149771)
(0 0.242623 1.23021)
(0 0.148057 0.871412)
(0 0.732229 0.253576)
(0 0.102625 0.355927)
(0 0.336993 0.651146)
(0 0.0421851 0.608014)
(0.116638 0.126906 0)
(1.14117 0.0877129 0)
(1.49686 1.48488 0)
(0.250715 0.734273 0)
(0.756129 0.729236 0)
(0.876218 0.109683 0)
(1.24833 0.721963 0)
(0.328596 0.109002 0)
(1.37965 0.0131306 0)
(0.631425 0.105073 0)
(1.56715 0.0805836 0)
(0.0963846 0.0479114 0.0836371)
(0.237245 0 1.24596)
(1.10916 0 0.15149)
(1.25411 0 1.23881)
(2.49991 0 1.50315)
(0.815616 0 0.154371)
(0.323311 0 0.17871)
(0.341077 0 0.319819)
(0.135777 0 0.399305)
(0.761832 0 1.23603)
(1.75763 0 1.26484)
(0.641334 0 0.155358)
(1.63398 0 0.0739099)
(1.61453 0 0.910271)
(1.56614 0 0.585533)
(1.39038 0 0.649676)
(1.40131 0 0.861029)
(2.23148 0.24715 0.249748)
(0.203534 0.123328 1.02862)
(1.13507 0.126496 1.10434)
(0.50052 1.48997 1.49647)
(0.502328 0.498184 2.49251)
(1.84477 0.126672 0.127442)
(1.88277 0.116404 0.881135)
(1.36835 0.338375 0.377134)
(2.24274 0.248364 0.753149)
(0.753021 0.735703 1.23919)
(0.76057 0.248624 1.73591)
(1.84301 0.123766 0.364639)
(1.3714 0.342567 0.611496)
(1.8488 0.131099 0.627708)
(0.388375 0.0785769 1.15886)
(1.38798 0.133975 1.09857)
(0.605644 0.136442 1.11191)
(0.880078 0.35721 1.11605)
(0.62317 0.373032 1.11679)
(0.886981 0.126608 1.36257)
(0.631375 0.1262 1.35129)
(2.23001 0 0)
(1.85863 0 0)
(1.97663 0.123183 0)
(1.98168 0 0.122403)
(0 0 1.1074)
(2.24913 0 1.00694)
(2.00302 0 0.88359)
(1.88601 0 1.02902)
(2.00282 0.120525 1.01118)
(1.00115 0.985702 1.24259)
(0 1.99145 1.49802)
(0.999827 1.992 1.49803)
(0 0 2.49128)
(1.00322 0 2.4934)
(1.00862 0 1.73914)
(0.758673 0 1.98876)
(1.00528 0.248382 1.99097)
(0 1.49342 1.99595)
(0 0.996393 2.49427)
(1.00045 1.49395 1.9966)
(1.00121 0.996749 2.49553)
(0.500118 1.99385 1.99756)
(0.501592 0 2.99356)
(0 0.498581 2.99381)
(1.00148 0.498674 2.99522)
(0.500697 0.997436 2.99541)
(1.36956 0.464909 0.497455)
(1.49266 0.472266 0.373603)
(2.23305 0.493394 0)
(1.98546 0 0.370691)
(1.98656 0 0.625572)
(1.9802 0.124596 0.496499)
(1.86254 0 0.496398)
(2.23603 0 0.500099)
(1.50975 0 1.12433)
(1.00207 0.479664 1.11054)
(2.24698 0.497203 1.0033)
(0.501474 0.985773 1.24386)
(0.498368 0.48184 1.11454)
(2.23873 0.495448 0.501091)
(2.49355 0.497285 0.751798)
(2.48757 0.495923 0.250402)
(2.48913 0.248317 0.500986)
(0.503539 0.741182 1.49001)
(0.506868 0.496609 1.73728)
(1.84709 0.24436 0.250042)
(1.87668 0.248138 0.758872)
(2.48441 0.247681 0)
(2.48544 0 0.250101)
(1.97487 0.245565 0.124996)
(1.84827 0.243617 0)
(1.97657 0.123644 0.248191)
(1.86608 0 0.246207)
(0.230557 0 1.12084)
(0 0.234292 1.10393)
(1.01174 0 1.37027)
(1.00876 0.123426 1.48896)
(0.889763 0 1.48669)
(1.21681 0 1.07128)
(0.998963 0.210578 1.11218)
(2.49655 0.248869 1.00341)
(2.49305 0 0.752551)
(1.99152 0.124718 0.75323)
(1.86965 0 0.752051)
(1.99974 0.246544 0.881829)
(1.87815 0.242747 1.01017)
(1.00214 0.740464 1.49079)
(0.751898 0.989753 1.49281)
(0.507338 0.248957 1.98816)
(0.515973 0 1.73715)
(1.00433 0.495386 1.7402)
(0.754806 0.496993 1.99045)
(1.48949 0.34246 0.243668)
(1.36856 0.466814 0.250453)
(1.97785 0.246071 0.372875)
(1.98741 0.248107 0.626594)
(1.853 0.246108 0.497011)
(0.499266 0.236779 1.12711)
(1.50602 0.255479 1.11885)
(0.753502 0.486055 1.11255)
(0.244833 0.226355 1.13222)
(0.765175 0.264514 1.11787)
(1.23928 0.239279 1.09805)
(0.517395 0 1.31858)
(0.518087 0.129836 1.47661)
(0.651423 0 1.47633)
(0.390326 0.250815 1.23137)
(0.13417 0.245465 1.23159)
(0.265671 0.129588 1.23698)
(1.12296 0.238233 1.23424)
(1.37672 0.248327 1.23534)
(1.24991 0.124693 1.23374)
(0.673633 0.205403 1.18922)
(0.875961 0.201461 1.19512)
(0.757559 0.372932 1.23908)
(0.761772 0.251254 1.36)
(0.76158 0.125771 1.23303)
(0 0.127409 1.22356)
(0.133975 0 1.24375)
(0.978171 0.117424 1.21431)
(1.13419 0 1.24941)
(0.881094 0 1.24537)
(0.487964 0.1126 1.22061)
(0.358886 0 1.23691)
(0.614697 0 1.22412)
(1.50767 0.129658 1.24484)
(1.37821 0 1.23395)
(1.00059 0.359902 1.23379)
(0.879256 0.486853 1.23671)
(0.505293 0.36937 1.23517)
(0.629525 0.491357 1.23677)
(0.512436 0.254912 1.3487)
(0.64005 0.250353 1.47891)
(1.00311 0.24038 1.35955)
(0.884392 0.246839 1.48555)
(0.766456 0.126011 1.48044)
(0.77039 0 1.35166)
(1.97587 0.123899 0.124589)
(2.48589 0.24793 0.250256)
(2.23472 0.494077 0.250319)
(2.23626 0.247955 0.500595)
(1.97764 0.123653 0.37051)
(0.257863 0.0885279 1.10138)
(0.133923 0.240837 1.10822)
(0.144599 0.137545 1.2212)
(1.20808 0.0939712 1.06056)
(1.08645 0.195186 1.07486)
(1.13052 0.12495 1.24404)
(2.24821 0.24846 1.00539)
(1.00022 1.49038 1.49643)
(0.500067 1.99156 1.49793)
(0.500511 1.49357 1.99609)
(0.751865 0.985711 1.24267)
(1.00242 0.498179 2.49393)
(0.501081 0.996537 2.49459)
(0.501237 0.498596 2.99411)
(0.757016 0.248671 1.98914)
(1.84616 0.24511 0.126386)
(1.84413 0.124665 0.249377)
(2.00088 0.121694 0.882048)
(1.88004 0.11221 1.01474)
(1.86031 0.127662 0.749949)
(1.87945 0.24445 0.883466)
(1.36558 0.33916 0.250546)
(1.49443 0.345253 0.372409)
(1.36614 0.331836 0.501879)
(1.36997 0.466319 0.374606)
(2.49309 0.248635 0.752279)
(2.24324 0.496594 0.752312)
(1.98387 0.125783 0.626101)
(0.879553 0.237233 1.11163)
(0.877726 0.121527 1.23663)
(0.502179 0.735793 1.24085)
(0.753472 0.740882 1.48991)
(1.00172 0.734399 1.23881)
(0.879494 0.480364 1.11164)
(0.625703 0.487394 1.11344)
(0.512521 0.24972 1.73424)
(0.756494 0.496132 1.73821)
(1.00684 0.247659 1.73884)
(0.887322 0.124686 1.48594)
(0.644132 0.126217 1.47487)
(1.84863 0.244448 0.371382)
(1.84707 0.126299 0.489583)
(1.36956 0.468313 0.617004)
(1.8613 0.248146 0.625856)
(0.376667 0.228178 1.13232)
(0.439952 0.103835 1.21816)
(0.496785 0.114336 1.12781)
(0.496401 0.3591 1.11738)
(0.474798 0.0919352 1.29783)
(1.37677 0.249861 1.10396)
(1.38045 0.127261 1.23424)
(1.51586 0.13992 1.11961)
(1.00161 0.357126 1.11335)
(1.00843 0.123856 1.36642)
(0.646843 0.232955 1.11556)
(0.631086 0.1185 1.19226)
(0.7545 0.372462 1.1179)
(0.880609 0.363978 1.23636)
(0.631995 0.372292 1.23541)
(0.637875 0.250242 1.3532)
(0.883427 0.244768 1.36017)
(0.76473 0.128802 1.35447)
(0 0.128266 1.08232)
(0 1.49003 1.49695)
(0 0.498111 2.49226)
(2.22999 0.246666 0)
(1.84982 0.123485 0)
(0.178907 0 1.0895)
(0.503213 0 2.49166)
(1.13625 0 1.13098)
(2.23183 0 0.249188)
(1.86096 0 0.118584)
(1.88798 0 0.883671)
(0.763981 0 1.73548)
(2.24304 0 0.753458)
(1.86655 0 0.367094)
(1.85824 0 0.624732)
(0.362763 0 1.13641)
(1.372 0 1.09117)
(0.890244 0 1.36493)
(0.588252 0 1.3006)
(2.10274 0.123555 0.124402)
(3.49519 0.498786 0.50044)
(2.49568 1.49363 0.500172)
(2.25021 0.24898 1.25517)
(3.49803 0.499212 1.50076)
(0.250481 1.23658 1.24674)
(1.49938 1.49212 1.4977)
(2.49842 1.49592 1.49995)
(1.50154 0.498431 2.49624)
(2.50026 0.499128 2.49957)
(0.50043 1.49563 2.4963)
(1.73871 0.73319 0.250263)
(0.122862 0.35878 0.124839)
(0.121737 0.357993 0.372594)
(0.369705 0.362139 0.135127)
(1.12481 0.347365 0.12911)
(1.36865 0.336154 0.123431)
(2.12292 0.123517 0.881207)
(2.24395 0.744725 0.751468)
(0.752052 1.23127 0.746842)
(0.251119 0.734371 1.24368)
(0.258232 0.249129 1.73529)
(0.25244 0.743595 1.74056)
(0.753554 0.743767 1.74094)
(1.87976 0.119831 1.13907)
(1.24927 0.736435 1.24074)
(1.74882 0.743898 1.24912)
(1.25389 0.247747 1.7419)
(1.75205 0.24899 1.74925)
(1.25148 0.744026 1.7435)
(0.883595 0.356223 0.136789)
(0.645736 0.36655 0.147895)
(0.119421 0.358051 0.895269)
(0.378325 0.60408 0.627849)
(0.123418 0.600066 0.881698)
(0.373802 0.601722 0.871731)
(0.12384 0.604408 0.636082)
(0.637393 0.593689 0.618288)
(0.889895 0.592417 0.851996)
(0.903751 0.587365 0.608297)
(0.628669 0.598151 0.861256)
(1.61324 0.352388 0.37938)
(1.84997 0.364973 0.125534)
(1.85406 0.366384 0.374297)
(1.60376 0.351397 0.125034)
(1.87581 0.370696 0.88197)
(1.86518 0.370987 0.626859)
(1.62262 0.37164 0.881466)
(1.24936 1.23246 0.747209)
(0.125908 0.35134 1.11982)
(0.367457 0.346988 1.11436)
(0.38666 0.37149 1.3551)
(0.13653 0.12851 1.35447)
(0.130132 0.367401 1.35989)
(0.441507 0.0857017 1.28815)
(1.12063 0.358693 1.10852)
(1.3722 0.367628 1.1085)
(1.13075 0.123157 1.36599)
(1.12616 0.36551 1.3611)
(1.37901 0.125038 1.36441)
(0.634982 0.602928 0.381629)
(0.887347 0.591204 0.376892)
(1.37116 0.593838 0.374445)
(1.12669 0.594596 0.126967)
(1.13011 0.590499 0.37496)
(1.37087 0.595782 0.619644)
(1.12703 0.593129 0.859117)
(1.13294 0.584388 0.616935)
(1.36968 0.601902 0.865166)
(1.61892 0.610273 0.624071)
(0.634888 0.372653 1.35757)
(0.881395 0.367634 1.3609)
(1.62829 0.139352 1.13368)
(1.87631 0.372 1.13135)
(1.62555 0.374999 1.12581)
(1.62953 0.126142 1.37651)
(2.10588 0.123786 0.373155)
(0.750995 1.23676 1.24515)
(0.751124 1.24194 1.74482)
(2.11244 0.124453 0.626414)
(2.11456 0.371857 0.62698)
(0.879038 0.605055 1.11116)
(0.626908 0.608193 1.11332)
(0.629765 0.615695 1.36257)
(0.878706 0.613893 1.36291)
(0.635897 0.373032 1.60892)
(0.886603 0.124188 1.61116)
(0.882562 0.371062 1.61181)
(0.642949 0.125461 1.60578)
(2.10428 0 0)
(3.4935 0 0)
(3.99563 0.499042 0)
(3.99594 0 0.500335)
(1.98579 0.73781 0)
(1.74136 0.983463 0)
(1.99104 0.988171 0.250218)
(3.49534 0.997585 0)
(2.99554 1.49548 0)
(3.99677 0.998379 0.500218)
(2.49635 1.99332 0)
(2.99708 1.99568 0.500078)
(2.00474 0 1.13938)
(2.12631 0 1.00982)
(3.49656 0 1.00089)
(3.99721 0.499242 1.00049)
(3.99807 0 1.50061)
(0 1.23448 0.999087)
(0 0.985322 1.24645)
(1.00078 1.23386 0.995527)
(2.24639 0.994783 1.00099)
(1.9981 0.994454 1.25012)
(3.49713 0.99815 1.00049)
(2.9973 1.49644 1.00027)
(3.99821 0.998957 1.50042)
(2.49774 1.9947 0.999925)
(1.9989 1.99435 1.49926)
(2.99847 1.99657 1.49997)
(0 0 1.73649)
(0.255496 0 1.98818)
(0 0.248578 1.98828)
(1.25432 0 1.99302)
(2.00118 0 2.49856)
(2.00196 0 1.75188)
(1.7523 0 1.99854)
(2.00132 0.249219 2.00001)
(3.4988 0 2.00071)
(2.99995 0 2.50008)
(3.99868 0.499471 2.00045)
(0 0.992275 1.7428)
(0 0.744916 1.99121)
(0.251301 0.994062 1.9926)
(1.00151 0.992636 1.74372)
(1.00246 0.745379 1.99301)
(0.751875 0.994342 1.99363)
(1.25117 0.994682 1.99492)
(1.001 1.24349 1.99523)
(1.99956 1.49588 1.99881)
(2.00033 0.997737 2.49841)
(3.49874 0.998844 2.0004)
(2.99891 1.49737 1.99999)
(2.9997 0.998769 2.49981)
(0 1.9954 2.49738)
(1.49974 1.99477 1.99837)
(1.00013 1.99573 2.49782)
(2.49906 1.99637 1.99958)
(1.50146 0 2.99647)
(2.50044 0 2.9992)
(2.00071 0.499059 2.99818)
(3.00003 0.499414 2.9996)
(0 1.4966 2.9964)
(1.50069 0.997841 2.99722)
(1.00042 1.49687 2.99712)
(2.50015 0.998777 2.99913)
(0.500131 1.99641 2.9976)
(0.505858 0.60321 0.501276)
(1.49411 0.601177 0.498385)
(0 0.36178 0)
(0 0.483217 0.126712)
(0.123015 0.486211 0)
(1.00512 0.350184 0)
(1.00435 0.473332 0.13007)
(0.883342 0.478808 0)
(1.12794 0.469087 0)
(1.00329 0.597011 0)
(1.97618 0.366387 0)
(1.97846 0.489803 0.125219)
(1.85285 0.486993 0)
(2.1102 0 0.499111)
(1.00129 1.23002 0.498266)
(2.24246 0.992493 0.500639)
(0 0.339951 1.00007)
(0 0.598249 1.00402)
(0.122545 0.469699 1.00466)
(0 0.469294 0.884179)
(0 0.475935 1.1208)
(1.00468 0.598001 0.983379)
(2.00012 0.371429 1.00652)
(1.99749 0.496021 0.879769)
(1.87451 0.496011 1.00493)
(1.99988 0.497236 1.12968)
(0.50097 1.23403 0.996905)
(1.49881 0.989646 1.24612)
(1.49819 1.23723 0.997534)
(1.01534 0.587007 0.494528)
(0.50164 1.23197 0.499644)
(0.49902 0.601481 0.991254)
(1.86123 0.491891 0.500874)
(1.98258 0.49174 0.375316)
(1.98467 0.370022 0.500398)
(1.99044 0.495062 0.627149)
(2.11313 0.495247 0.501267)
(1.49699 1.23361 0.499147)
(1.62311 0.494956 1.00013)
(1.49589 0.609713 0.992761)
(1.49831 0.493581 1.11815)
(0 0.479583 0.381991)
(0 0.603582 0.511402)
(0.509991 0.48759 0.135839)
(0.506137 0.360146 0)
(0.374503 0.486692 0)
(0.636599 0.485955 0)
(1.48827 0.468891 0.123354)
(1.48709 0.338405 0)
(1.37031 0.462187 0)
(1.60733 0.475307 0)
(2.49196 0.745213 0.500855)
(0.750918 1.4829 0.499001)
(0.500774 1.48417 0.748664)
(0.506969 0.493346 1.35966)
(0.632895 0.495052 1.4853)
(0.383642 0.49498 1.48371)
(0.511904 0.373572 1.48114)
(0.505582 0.617459 1.48733)
(0.508914 0.496796 1.61006)
(1.50002 0.74337 1.49534)
(1.50157 0.496641 1.74529)
(0.249229 0.726731 0.876725)
(0.250732 0.729577 0.630487)
(0.248805 0.603342 0.755913)
(0.376363 0.726972 0.74956)
(0.124464 0.727487 0.756663)
(0.757811 0.721409 0.859854)
(0.764153 0.718034 0.616072)
(0.766003 0.592399 0.732297)
(0.633168 0.721234 0.740563)
(0.891489 0.71741 0.733138)
(1.72814 0.360378 0.251108)
(2.10203 0.246647 0)
(2.10666 0 0.248266)
(0 0 1.35975)
(0 0.124859 1.48259)
(0.13164 0 1.48695)
(1.13262 0 1.49129)
(1.00974 0 1.61403)
(2.49923 0 1.25446)
(2.25115 0 1.50425)
(2.11841 0 0.753834)
(1.76192 0 1.15517)
(2.00198 0.247338 1.13349)
(2.12478 0.247846 1.00718)
(0.25032 1.48581 0.998443)
(0 1.48767 1.24771)
(0.2512 0.98938 1.49366)
(0 0.739757 1.49178)
(0 1.23867 1.49608)
(0.124201 0.726247 1.00248)
(0 0.726044 0.880284)
(1.00029 1.48383 0.747767)
(0.750646 1.48547 0.997089)
(1.24928 1.48661 0.997357)
(1.00015 1.48801 1.24645)
(1.25031 0.990611 1.49429)
(1.00061 1.23985 1.49511)
(0.880953 0.724939 0.985269)
(1.00788 0.720143 0.859483)
(1.1259 0.726007 0.987001)
(1.00228 0.730063 1.11227)
(2.49475 0.9953 0.750943)
(2.49617 0.746685 1.00158)
(1.99949 0.74648 1.50023)
(1.74934 0.994231 1.49814)
(0.253155 0.497028 1.98939)
(0 0.495377 1.73831)
(1.50256 0.248729 1.99547)
(1.50355 0 1.74573)
(1.25261 0.496927 1.99352)
(2.00073 0.498182 1.75023)
(1.75123 0.49787 1.9979)
(0.501969 0.992506 1.7429)
(0.502976 0.745456 1.99152)
(0.501146 1.24333 1.99479)
(1.50036 0.994312 1.74616)
(1.5011 0.746078 1.99594)
(0.764279 0.592407 0.496175)
(0.378055 0.729569 0.502932)
(0.634064 0.723821 0.499176)
(0.505832 0.725057 0.622909)
(0.506682 0.729345 0.379096)
(0.504361 0.59732 0.743675)
(0.250262 0.608033 0.507615)
(0.509249 0.608497 0.259758)
(1.25019 0.589134 0.496496)
(1.73391 0.485396 0.375632)
(1.74096 0.611417 0.500455)
(1.49531 0.60559 0.745404)
(1.61121 0.476674 0.25011)
(1.49326 0.596604 0.249568)
(0.123997 0.483518 0.252128)
(0 0.352135 0.255838)
(0.247796 0.486532 0.128446)
(0.24271 0.362515 0)
(1.00584 0.594354 0.253793)
(0.762937 0.483839 0.137929)
(0.764506 0.360038 0)
(1.24849 0.467004 0.127576)
(1.25834 0.333713 0)
(1.25028 0.593464 0)
(1.97773 0.367345 0.249857)
(1.85481 0.48824 0.250349)
(1.72925 0.482913 0.125381)
(1.72562 0.359526 0)
(2.1095 0.247669 0.500008)
(0.124867 0.730391 0.507814)
(0 0.728067 0.633813)
(0.889399 0.716285 0.494605)
(1.01349 0.714738 0.614847)
(1.00799 0.717335 0.374731)
(1.13086 0.71559 0.496293)
(0.247516 0.598454 1.00103)
(0.247383 0.474391 1.12146)
(0 0.59931 0.760305)
(1.01776 0.586662 0.730032)
(0.754304 0.599773 0.984129)
(1.24545 0.483739 1.10827)
(1.24627 0.602394 0.985786)
(1.99486 0.371711 0.754453)
(1.87115 0.49515 0.754399)
(2.11761 0.496323 0.752758)
(1.7512 0.37044 1.00653)
(1.74917 0.494555 0.87969)
(1.75 0.496798 1.12768)
(0.374352 0.726545 0.99595)
(0.62769 0.727487 0.989084)
(0.501763 0.725461 0.868307)
(0.501335 0.731824 1.11567)
(1.24884 0.593239 0.251519)
(2.49824 0.498161 1.25258)
(2.10349 0.2471 0.249266)
(2.11816 0.248152 0.753767)
(1.24885 1.48358 0.498938)
(0.500528 1.48763 1.24686)
(1.00278 0.48913 1.36169)
(0.880461 0.492894 1.48717)
(1.1271 0.491725 1.48797)
(1.0047 0.368178 1.48686)
(1.00312 0.615367 1.48866)
(1.00501 0.494324 1.61326)
(0.500987 1.23951 1.49517)
(0.753307 0.731386 1.11301)
(2.24979 0.498308 1.5021)
(1.75298 0.246454 1.13384)
(0.76031 0.601666 0.259484)
(0.759809 0.722607 0.377027)
(1.13012 0.716641 0.739025)
(1.24728 0.590416 0.740179)
(1.74535 0.614568 0.751376)
(0 0.489096 1.36305)
(0.12882 0.492792 1.48627)
(0 0.369147 1.48507)
(0.386744 0 1.49593)
(0.521364 0 1.61552)
(1.50529 0 1.37113)
(1.50376 0.124953 1.49547)
(1.3793 0 1.49192)
(1.62938 0 1.50069)
(1.49789 1.48654 0.748698)
(0.254125 0.361136 1.23929)
(0.264188 0.249507 1.35477)
(1.24729 0.364775 1.2337)
(1.2512 0.245076 1.36179)
(2.49982 0.249296 1.50283)
(0.633256 0.72907 0.256123)
(0.883018 0.721602 0.253473)
(1.1274 0.719192 0.25135)
(1.37117 0.721201 0.250364)
(1.25004 0.718512 0.374507)
(1.24966 0.720073 0.126044)
(1.25027 0.717944 0.619239)
(1.3715 0.724695 0.743909)
(1.24836 0.723753 0.864401)
(1.7435 0.736682 0.625166)
(1.61996 0.73494 0.748933)
(1.62819 0.252204 1.25152)
(1.8778 0.24823 1.25749)
(1.75141 0.373302 1.25352)
(1.75318 0.249691 1.37894)
(1.75485 0.123662 1.25974)
(1.00321 0.721294 0.12663)
(1.12613 0.721364 0)
(2.00319 0.12388 1.25938)
(1.88086 0 1.26381)
(1.49471 0.723829 0.374516)
(1.37191 0.721572 0.497921)
(1.61817 0.732298 0.499632)
(1.49516 0.728613 0.622521)
(0.12666 0.483444 1.24103)
(0 0.36074 1.23731)
(1.63391 0 1.25765)
(1.12439 0.485694 1.23556)
(1.00189 0.609399 1.23714)
(2.00112 0.373027 1.25567)
(1.87542 0.497582 1.25363)
(1.49589 0.731418 0.869278)
(1.37151 0.73068 0.991337)
(0.378062 0.486035 1.23691)
(0.502857 0.61209 1.23849)
(1.50074 0.372682 1.24337)
(1.37301 0.491151 1.23795)
(1.62491 0.497021 1.24842)
(0.756219 0.492897 1.36163)
(0.759385 0.371833 1.48489)
(0.754851 0.616763 1.48804)
(0.757475 0.495799 1.61168)
(0.255618 0.490798 1.36126)
(0.259493 0.371342 1.48277)
(0.392462 0.252176 1.47711)
(0.514951 0.250668 1.60642)
(1.24991 0.490347 1.36215)
(1.25165 0.368434 1.48819)
(1.50342 0.250274 1.3696)
(1.37788 0.248201 1.491)
(1.62803 0.249871 1.49924)
(0.132689 0.248446 1.48216)
(0 0.245996 1.35685)
(0.265233 0.127275 1.48103)
(0.252346 0 1.3696)
(1.12914 0.245224 1.48812)
(1.007 0.246835 1.61288)
(0.767414 0 1.60811)
(1.25433 0.123488 1.48995)
(1.255 0 1.36541)
(1.75348 0.124864 1.50324)
(1.75525 0 1.38244)
(0.753802 0.612088 1.23786)
(0.761979 0.248796 1.60922)
(2.23247 0.247839 0.37463)
(2.22905 0.247295 0.124775)
(2.23047 0.12364 0.249307)
(0.750562 1.48997 1.49608)
(0.500698 1.49187 1.74586)
(0.250346 1.48912 1.4967)
(2.23917 0.24817 0.626804)
(2.24625 0.248512 0.879901)
(2.24209 0.372351 0.752627)
(2.24271 0.124194 0.753431)
(0.627883 0.736125 1.23932)
(0.753482 0.738814 1.36404)
(0.877893 0.734783 1.23837)
(0.637674 0.249253 1.73414)
(0.758771 0.372353 1.73651)
(0.883961 0.247953 1.73712)
(0.763264 0.124555 1.73493)
(2.22878 0.123376 0)
(2.22991 0 0.124385)
(2.24904 0.124062 1.00668)
(2.24695 0 0.880681)
(1.00818 0.12384 1.73868)
(0.886656 0 1.73697)
(1.00054 1.4921 1.74604)
(0.750673 1.49324 1.99593)
(2.23525 0.124036 0.500115)
(2.23324 0 0.374098)
(2.23887 0 0.626584)
(2.23786 0.371729 0.50112)
(2.24052 0.496322 0.626819)
(0.503501 0.739242 1.36439)
(0.628989 0.74094 1.48918)
(0.510363 0.37331 1.73492)
(0.632993 0.496844 1.7366)
(0.878111 0.740109 1.48955)
(1.00232 0.737756 1.36416)
(0.515453 0.125421 1.7343)
(0.642012 0 1.73458)
(0.881067 0.495794 1.73842)
(1.0061 0.371261 1.73861)
(2.10206 0.246945 0.124707)
(2.10405 0.123622 0.248744)
(2.2289 0.123565 0.124582)
(3.99619 0.499101 0.500299)
(3.49607 0.997806 0.500304)
(3.49674 0.498993 1.00073)
(1.24911 1.23099 0.498575)
(2.99626 1.49586 0.500202)
(2.49687 1.99381 0.500007)
(2.49717 1.4948 1.00018)
(2.24453 0.993697 0.750913)
(2.12551 0.123276 1.0084)
(2.00327 0.122503 1.13623)
(2.49886 0.249108 1.25372)
(2.24894 0.4979 1.25309)
(2.25065 0.24924 1.50338)
(2.00089 0.372352 1.13138)
(3.99808 0.499387 1.50055)
(3.4981 0.998605 1.50054)
(3.49875 0.499341 2.00059)
(0.250434 1.2343 0.998279)
(0.250757 0.985482 1.2455)
(0.50088 1.23674 1.24584)
(0.250319 1.48744 1.24738)
(0.250596 1.23874 1.49572)
(1.99879 1.49433 1.49918)
(1.49934 1.99301 1.49858)
(1.5 1.49476 1.99761)
(1.24968 0.987073 1.24384)
(1.7484 0.992498 1.24855)
(1.25092 0.993249 1.74455)
(1.24938 1.23506 0.996232)
(1.00052 1.23702 1.24513)
(1.00092 1.24204 1.74503)
(2.99828 1.49687 1.50017)
(2.49854 1.99561 1.49975)
(2.49911 1.4967 1.99966)
(0.254706 0.248829 1.9881)
(2.00081 0.498803 2.49843)
(1.50077 0.9971 2.49693)
(1.50117 0.498812 2.99668)
(1.2536 0.248435 1.99309)
(1.75187 0.248991 1.99827)
(1.25173 0.745444 1.9942)
(2.99985 0.499299 2.49995)
(2.49999 0.998425 2.49939)
(2.50033 0.499286 2.99916)
(1.00049 1.49589 2.49685)
(0.500137 1.99547 2.49752)
(0.500335 1.49663 2.99659)
(0.75114 1.24333 1.99494)
(0.124211 0.726247 0.879694)
(0.885844 0.720111 0.857707)
(1.12655 0.720174 0.12632)
(1.98734 0.738753 0.250349)
(1.61308 0.47899 0.376063)
(1.8528 0.487442 0.125334)
(1.8572 0.489661 0.375323)
(1.60772 0.475892 0.124781)
(1.74236 0.984186 0.25006)
(1.49409 0.597485 0.374179)
(1.61715 0.607798 0.499805)
(1.12778 0.720863 0.861855)
(0.124869 0.356725 0.246074)
(0.243668 0.361699 0.128362)
(0.123523 0.484739 0.126382)
(0.122761 0.483541 0.380018)
(0.513732 0.362443 0.139802)
(0.375888 0.487384 0.132126)
(1.24857 0.341784 0.130919)
(1.00269 0.351589 0.131975)
(1.12634 0.470192 0.128063)
(1.48625 0.341183 0.119448)
(1.36885 0.464982 0.124982)
(2.24094 0.743458 0.500889)
(2.11763 0.124212 0.753618)
(2.12241 0.247937 0.880777)
(2.24662 0.124087 0.880371)
(2.49419 0.746056 0.7513)
(2.24644 0.745746 1.00179)
(2.11525 0.495981 0.627005)
(0.752164 1.23052 0.498633)
(0.501423 1.23224 0.748223)
(0.750902 1.48359 0.74794)
(1.00136 1.23114 0.746507)
(0.751334 1.23363 0.995739)
(0.252523 0.740451 1.49083)
(0.123456 0.598243 1.00393)
(0.372681 0.599187 0.994781)
(0.124467 0.475469 1.12178)
(0.371386 0.475581 1.115)
(0.382341 0.492436 1.35914)
(0.128274 0.489652 1.36235)
(0.500479 0.606843 1.11467)
(0.504754 0.615648 1.36246)
(0.878625 0.730261 1.11211)
(0.254692 0.496006 1.73765)
(0.387242 0.372969 1.48065)
(0.133851 0.126005 1.4823)
(0.130481 0.370004 1.48411)
(0.396781 0.129885 1.47545)
(0.511573 0.373584 1.60815)
(0.518131 0.126569 1.60732)
(0.885713 0.124114 1.73681)
(0.503619 0.743915 1.74049)
(0.251386 0.992413 1.74256)
(0.251999 0.745086 1.99107)
(1.00256 0.743601 1.742)
(0.751976 0.992524 1.74316)
(0.753025 0.745431 1.99211)
(0.630424 0.617277 1.48751)
(0.87902 0.615867 1.48831)
(0.633596 0.496504 1.61054)
(0.881248 0.494944 1.61251)
(1.75469 0.117085 1.13998)
(1.8779 0.246016 1.13442)
(1.87924 0.123302 1.26048)
(1.49874 0.740598 1.2449)
(1.25067 0.741255 1.49236)
(1.12305 0.481333 1.10917)
(1.37143 0.488894 1.11157)
(1.12599 0.489417 1.36168)
(1.12499 0.599846 0.984572)
(1.37034 0.605832 0.989116)
(1.00235 0.60457 1.11094)
(1.00269 0.613112 1.36292)
(1.74978 0.745331 1.49842)
(1.99859 0.74564 1.25108)
(1.87519 0.497077 1.12947)
(1.62429 0.496632 1.12407)
(1.50268 0.248513 1.74536)
(1.25246 0.495554 1.74234)
(1.13115 0.123135 1.48989)
(1.1277 0.367801 1.48744)
(1.37875 0.12435 1.49143)
(1.00861 0.123637 1.61344)
(1.00599 0.370284 1.6127)
(1.7511 0.497591 1.7484)
(2.00146 0.2492 1.75123)
(1.62877 0.125224 1.50005)
(1.50078 0.745121 1.74568)
(0.767088 0.362937 0.143968)
(0.883738 0.478151 0.133859)
(0.639757 0.487744 0.139514)
(0.12184 0.475226 0.885495)
(0.12135 0.337206 1.00818)
(0.377796 0.72808 0.626854)
(0.375511 0.602461 0.749524)
(0.250518 0.606334 0.633188)
(0.507032 0.599036 0.621937)
(0.378137 0.606101 0.503468)
(0.124728 0.728968 0.633077)
(0.248002 0.60052 0.878241)
(0.123697 0.602059 0.759303)
(0.375025 0.726462 0.87242)
(0.499948 0.599604 0.867418)
(0.123981 0.606171 0.510367)
(0.768637 0.589334 0.614533)
(0.634961 0.721199 0.619345)
(0.635405 0.592309 0.73772)
(0.635081 0.598576 0.49952)
(0.893016 0.715521 0.613119)
(0.902639 0.589903 0.723804)
(0.757538 0.592523 0.854433)
(1.01013 0.592497 0.855268)
(0.881972 0.597608 0.982791)
(0.629714 0.723725 0.86378)
(0.895154 0.587184 0.493014)
(1.01959 0.586006 0.612394)
(0.626642 0.602365 0.987517)
(1.73025 0.361713 0.375316)
(1.61248 0.350249 0.250781)
(1.85163 0.365293 0.250144)
(1.72485 0.360772 0.126197)
(1.97611 0.366776 0.125144)
(1.85842 0.368631 0.500012)
(1.98014 0.368312 0.374522)
(1.87346 0.371619 0.756461)
(1.75287 0.370394 0.883049)
(1.87362 0.495552 0.880203)
(1.87608 0.370544 1.00704)
(1.99859 0.371369 0.880933)
(1.86616 0.494101 0.627073)
(1.98951 0.371337 0.627091)
(1.62211 0.492771 0.876747)
(1.62392 0.375004 1.00295)
(1.4976 1.23512 0.748296)
(1.24911 1.48465 0.748058)
(0.245558 0.347194 1.12494)
(0.12864 0.36127 1.23818)
(0.381022 0.364745 1.23422)
(0.258776 0.368872 1.35853)
(0.395447 0.254103 1.34729)
(0.510278 0.372996 1.35561)
(0.13348 0.247747 1.35636)
(0.268812 0.129723 1.35197)
(1.2424 0.360836 1.10354)
(1.1235 0.361973 1.23439)
(1.3739 0.368916 1.23651)
(1.5004 0.37285 1.11818)
(1.2501 0.366796 1.36129)
(1.37753 0.248357 1.36414)
(1.1271 0.242669 1.36167)
(1.2532 0.12363 1.36339)
(1.00301 0.364916 1.3605)
(1.50481 0.126143 1.37024)
(0.507316 0.606182 0.381519)
(0.761112 0.59675 0.379401)
(0.63366 0.72659 0.378768)
(0.636103 0.606419 0.261234)
(0.884119 0.596423 0.256558)
(1.00364 0.596013 0.127713)
(0.885506 0.718603 0.37545)
(1.00979 0.590171 0.375631)
(1.24995 0.591469 0.374467)
(1.37173 0.720673 0.374529)
(1.37051 0.594113 0.25043)
(1.37116 0.594168 0.497501)
(1.12748 0.593548 0.252242)
(1.24969 0.593482 0.126573)
(1.12922 0.717089 0.374557)
(1.13241 0.58721 0.496297)
(1.24878 0.588795 0.618033)
(1.37181 0.72268 0.620799)
(1.37009 0.597346 0.742666)
(1.49467 0.604148 0.6219)
(1.13158 0.714629 0.617399)
(1.13055 0.585797 0.737039)
(1.24605 0.596384 0.861526)
(1.37124 0.727494 0.866918)
(1.4952 0.606905 0.868541)
(1.74321 0.613196 0.625506)
(1.61909 0.733575 0.624168)
(1.62014 0.611642 0.749446)
(0.758776 0.371945 1.36071)
(0.631821 0.493678 1.36046)
(0.636024 0.372856 1.4826)
(0.879822 0.490588 1.36182)
(0.882151 0.369721 1.48619)
(1.6273 0.256337 1.12911)
(1.63037 0.129078 1.25433)
(1.75127 0.372416 1.12997)
(1.87641 0.37299 1.25536)
(1.62613 0.374287 1.24959)
(1.62841 0.250769 1.37521)
(1.75415 0.124821 1.38066)
(2.10557 0.247438 0.37395)
(2.23229 0.123862 0.374247)
(2.10871 0.124116 0.499116)
(2.11183 0.3713 0.500942)
(0.75054 1.48763 1.2464)
(0.751004 1.23967 1.4949)
(0.501165 1.24188 1.74475)
(0.750689 1.49188 1.74582)
(2.11349 0.2481 0.626764)
(2.23863 0.124186 0.626663)
(2.11753 0.372126 0.753165)
(2.23983 0.372119 0.626867)
(0.753444 0.607233 1.112)
(0.878404 0.610364 1.23739)
(0.627348 0.731999 1.11417)
(0.628438 0.612708 1.23806)
(0.754461 0.615108 1.36287)
(0.628682 0.739187 1.36395)
(0.878038 0.738083 1.36389)
(0.759346 0.372172 1.61051)
(0.63516 0.373009 1.73521)
(0.639217 0.249693 1.60697)
(0.884417 0.247616 1.61129)
(0.765085 0.12491 1.60806)
(0.640456 0.12497 1.73365)
(0.882442 0.371698 1.73755)
(0 1.23657 1.24729)
(0 1.49551 2.49606)
(0 0.352343 0.379241)
(0 0.356676 0.126153)
(0 0.248177 1.73616)
(0 0.743252 1.74092)
(0 0.733923 1.24507)
(0 0.337227 0.885336)
(0 0.601407 0.637238)
(0 0.598348 0.88227)
(0 0.125565 1.35509)
(0 0.366458 1.36035)
(0 0.351695 1.11645)
(2.10256 0.123331 0)
(2.49468 1.49295 0)
(3.49416 0.49864 0)
(1.73708 0.732107 0)
(0.121292 0.362402 0)
(0.368864 0.361284 0)
(1.13055 0.34291 0)
(1.37242 0.328163 0)
(0.638703 0.361676 0)
(0.883931 0.355672 0)
(1.60396 0.350799 0)
(1.85024 0.364267 0)
(1.12684 0.594926 0)
(1.50208 0 2.49598)
(2.10491 0 0.123809)
(2.25101 0 1.25661)
(2.50047 0 2.49974)
(3.49467 0 0.500507)
(3.49802 0 1.50094)
(0.259085 0 1.73693)
(1.88309 0 1.14649)
(1.75277 0 1.74997)
(1.25504 0 1.74214)
(2.12373 0 0.881904)
(0.417015 0 1.32002)
(0.131358 0 1.36377)
(1.37927 0 1.36496)
(1.1332 0 1.369)
(1.63077 0 1.37792)
(1.64079 0 1.14102)
(2.10833 0 0.372957)
(0.646306 0 1.60742)
(0.888181 0 1.6114)
(2.11315 0 0.626246)
(0.25077 1.23339 0.250725)
(1.24859 1.23046 0.249618)
(3.49682 1.49715 0.500171)
(0.499793 2.49038 0.499625)
(1.49881 2.49155 0.499686)
(2.12665 0.123819 1.13387)
(1.24962 1.23781 1.24578)
(0.499905 2.4929 1.4987)
(1.49939 2.49381 1.49907)
(0.2528 0.248993 2.23998)
(1.25308 0.248891 2.24384)
(1.50027 1.49632 2.49764)
(0.500014 2.49563 2.49829)
(2.7388 0.248576 0.250392)
(2.23815 0.742191 0.250397)
(2.74354 0.2489 0.751663)
(2.74464 0.746985 0.751113)
(0.751772 1.23086 0.249911)
(0.250597 1.23302 0.74977)
(1.75038 0.746251 1.74793)
(1.74453 1.23542 0.249933)
(1.74645 1.23789 0.749339)
(2.24812 0.746637 1.25164)
(2.25082 0.24936 1.75185)
(1.8787 0.124475 1.38224)
(0.754655 0.24887 2.24117)
(0.752521 0.746555 2.24302)
(0.392048 0.126751 1.60732)
(1.12451 0.605291 1.11085)
(1.13139 0.123537 1.61472)
(2.73735 0 0)
(2.98994 0.248795 0)
(2.99036 0 0.250391)
(0 1.23425 0)
(1.00028 1.23037 0)
(2.23955 0.99087 0)
(1.99303 1.23731 0)
(3.99703 1.49775 0)
(0 2.48996 0)
(0.999294 2.4903 0)
(1.99814 2.49218 0)
(3.49714 1.99679 0)
(3.99773 1.99765 0.500081)
(0.499732 2.99159 0)
(0 2.99185 0.499713)
(1.49896 2.99264 0)
(0.999443 2.99229 0.499717)
(1.99882 2.99363 0.49982)
(2.99401 0 0.751396)
(2.74551 0 1.00249)
(2.99546 0.249177 1.0016)
(1.99682 1.24108 0.999769)
(2.99553 0.997029 0.750752)
(2.99596 0.747692 1.00104)
(2.74603 0.996754 1.00096)
(3.99768 1.49801 1.00021)
(0 2.49137 0.999206)
(0.999538 2.49185 0.999174)
(1.99877 2.4935 0.999563)
(3.49777 1.99716 1.00013)
(0.499807 2.99274 0.99938)
(0 2.99369 1.49904)
(1.49926 2.99367 0.999534)
(0.999679 2.99408 1.49916)
(1.99931 2.99507 1.49947)
(0 0 2.23971)
(1.00451 0 2.24222)
(2.251 0 2.00111)
(1.00171 0.995898 2.24435)
(1.99977 0.996209 1.7489)
(2.0004 0.747287 1.99882)
(1.7503 0.996184 1.99774)
(0 2.49434 1.99836)
(0.999846 2.49467 1.9986)
(1.99944 2.49535 1.99919)
(1.99985 1.99655 2.49863)
(0.499919 2.99493 1.99885)
(0 2.9959 2.49867)
(1.4996 2.99528 1.9992)
(0.999925 2.99606 2.49881)
(2.00017 1.4975 2.99836)
(0 2.4964 2.99823)
(1.50011 1.99693 2.9982)
(1.00003 2.49656 2.99843)
(0.499986 2.99662 2.99871)
(0.501406 1.23283 0)
(0 1.23338 0.501306)
(1.49593 1.23233 0)
(1.99474 1.23878 0.500023)
(2.74199 0.497585 0.500896)
(0.250464 1.48425 0.500133)
(0.500826 1.48359 0.250026)
(2.99124 0.498086 0.250388)
(2.73862 0.497267 0)
(2.99231 0.248981 0.500841)
(2.74071 0 0.500958)
(0 1.48467 0.250447)
(0.250456 1.48447 0)
(0.999936 1.48244 0.249602)
(0.750616 1.4829 0)
(1.2483 1.48286 0)
(2.49115 0.993308 0.250348)
(2.48829 0.743607 0)
(2.99424 0.747279 0.500755)
(2.74426 0.996045 0.500713)
(2.00363 0 1.38319)
(2.00271 0.124662 1.50534)
(1.87857 0 1.50568)
(2.99456 0.498246 0.751124)
(2.74556 0.498123 1.00172)
(0 1.48488 0.749927)
(2.49764 0.996502 1.25103)
(2.2486 0.996391 1.50056)
(0.505198 0 2.24018)
(0 0.49797 2.24058)
(1.50275 0 2.24512)
(1.00305 0.497673 2.24301)
(2.25054 0.49888 2.00054)
(0.501793 0.995833 2.24362)
(0.503312 0.49779 2.24129)
(1.49945 1.24088 1.49661)
(1.50206 0.498209 2.24528)
(1.7463 1.48751 0.499663)
(1.49696 1.48458 0.249736)
(2.49865 0.747528 1.50135)
(2.5 0.498929 1.75142)
(1.99505 1.48839 0.249975)
(1.74535 1.48641 0)
(2.12742 0 1.25913)
(1.99657 1.49017 0.749724)
(1.74751 1.48962 0.999079)
(2.50042 0.249447 2.00112)
(2.50046 0 1.75212)
(0.26205 0 1.61284)
(1.2556 0 1.61592)
(2.00252 0.249222 1.38108)
(1.8776 0.249465 1.50407)
(1.49904 1.48957 1.24742)
(0.262982 0.250425 1.60742)
(1.24848 0.609932 1.23727)
(1.25421 0.247401 1.61504)
(2.12639 0.248887 1.25712)
(1.24862 0.73175 1.11342)
(0.752726 0.498062 2.49293)
(0.501985 0.747146 2.49339)
(0.251609 0.498375 2.49167)
(0.503055 0.24907 2.49164)
(2.25079 0 1.13277)
(0 0.249056 2.49119)
(0.252101 0 2.491)
(1.00309 0.249029 2.49334)
(0.753819 0 2.49207)
(1.25282 0 2.49441)
(1.13176 0 1.74043)
(1.00198 0.747181 2.49423)
(0.751534 0.996598 2.49448)
(0.388792 0 1.73715)
(2.25002 0.248859 1.13135)
(1.24974 1.4903 1.49672)
(1.25225 0.498438 2.49471)
(1.12514 0.733801 1.23854)
(0.38774 0.250208 1.73365)
(1.13054 0.247811 1.73998)
(2.25097 0.124433 1.25683)
(1.50215 0.249141 2.49546)
(0.261544 0.125241 1.73498)
(1.25499 0.123794 1.74112)
(2.99055 0.248897 0.250399)
(0.50157 1.23236 0.250346)
(0.250488 1.48418 0.250299)
(0.250744 1.23297 0.500694)
(1.0007 1.22996 0.249622)
(1.49633 1.23261 0.249746)
(1.24851 1.48283 0.249614)
(2.24047 0.991393 0.250332)
(1.99363 1.23767 0.250051)
(3.99725 1.49782 0.500139)
(3.49735 1.99691 0.500095)
(3.49738 1.4974 1.00026)
(0.999393 2.49074 0.499605)
(0.499756 2.99185 0.4997)
(0.499844 2.49144 0.99915)
(1.99838 2.49254 0.499788)
(1.49907 2.99282 0.499762)
(1.49909 2.49259 0.999352)
(2.126 0.248415 1.13261)
(2.25053 0.124283 1.13229)
(2.12697 0.124258 1.25828)
(1.49897 1.23908 1.24675)
(1.24953 1.48852 1.24681)
(1.24992 1.23995 1.49573)
(2.24778 0.995792 1.25088)
(0.999698 2.49325 1.49881)
(0.499862 2.99373 1.49906)
(0.499966 2.49443 1.99842)
(1.99916 2.49446 1.49934)
(1.49945 2.99444 1.49931)
(1.49961 2.49483 1.9989)
(0.50445 0.248965 2.24038)
(0.2522 0.498029 2.2406)
(0.251914 0.249113 2.49114)
(1.00393 0.248807 2.24244)
(1.50248 0.248997 2.24508)
(1.25257 0.498012 2.2441)
(1.25263 0.249105 2.4944)
(2.25084 0.249398 2.00093)
(2.00003 1.49682 2.49841)
(1.50002 1.99609 2.49817)
(1.50033 1.49712 2.99774)
(0.999988 2.49577 2.49841)
(0.499968 2.99588 2.4987)
(0.500032 2.49637 2.99828)
(2.73961 0.497461 0.250414)
(2.74107 0.24873 0.500952)
(2.4894 0.744076 0.250407)
(2.74343 0.74663 0.500863)
(2.74401 0.497873 0.751387)
(2.74541 0.249036 1.0022)
(2.99404 0.249072 0.751317)
(2.74574 0.74728 1.00129)
(2.99505 0.747479 0.750954)
(2.7451 0.996443 0.750895)
(0.750781 1.48262 0.249747)
(0.250411 1.48451 0.749456)
(1.12517 0.730391 1.11251)
(1.13131 0.123792 1.74002)
(2.00014 0.746939 1.74928)
(1.75 0.995466 1.74781)
(1.75066 0.746772 1.9977)
(1.74564 1.48652 0.249879)
(1.74547 1.23652 0.499705)
(1.74694 1.48841 0.749339)
(1.9959 1.23989 0.749909)
(1.74721 1.23927 0.998998)
(2.4978 0.747165 1.25165)
(2.24897 0.747138 1.50119)
(2.50032 0.249426 1.75189)
(2.25038 0.498752 1.75124)
(1.87794 0.249291 1.38079)
(2.00316 0.124499 1.38229)
(1.8782 0.124741 1.50511)
(0.753501 0.497674 2.242)
(0.753439 0.24902 2.49228)
(0.502502 0.746581 2.24259)
(0.752115 0.747139 2.49367)
(1.00231 0.746548 2.24357)
(0.751849 0.995857 2.24389)
(0.390339 0.251151 1.6061)
(0.264004 0.126039 1.60857)
(0.389267 0.125578 1.7344)
(1.24748 0.606654 1.11106)
(1.12479 0.608883 1.23688)
(1.13037 0.247097 1.61413)
(1.25502 0.123638 1.61535)
(0 1.2338 0.250963)
(0 2.49033 0.49968)
(0 2.49278 1.49869)
(0 0.248932 2.23993)
(0 2.49557 2.49821)
(0 1.2333 0.750659)
(0.250726 1.23378 0)
(0.499757 2.48994 0)
(1.24824 1.23048 0)
(1.49863 2.49108 0)
(3.49639 1.49696 0)
(0.751449 1.23134 0)
(2.23676 0.74151 0)
(2.7377 0.248453 0)
(1.74397 1.23496 0)
(0.253214 0 2.23978)
(1.25348 0 2.24373)
(2.12728 0 1.13513)
(2.73842 0 0.250359)
(2.7434 0 0.751826)
(2.25111 0 1.75229)
(1.87945 0 1.38366)
(0.755451 0 2.24084)
(0.390236 0 1.61453)
(1.13222 0 1.61532)
(0.790612 0.258977 0.807603)
(0.595785 0.215388 0.824899)
(1.49101 0.0880354 0.88135)
(1.32153 0.0930088 0.850124)
)


// ************************************************************************* //
