/*--------------------------------*- C++ -*----------------------------------*\
  =========                 |
  \\      /  F ield         | OpenFOAM: The Open Source CFD Toolbox
   \\    /   O peration     | Website:  https://openfoam.org
    \\  /    A nd           | Version:  13
     \\/     M anipulation  |
\*---------------------------------------------------------------------------*/
FoamFile
{
    format      ascii;
    class       labelList;
    location    "constant/fluid/polyMesh";
    object      cellProc;
}
// * * * * * * * * * * * * * * * * * * * * * * * * * * * * * * * * * * * * * //


660
(
1
0
1
0
1
0
1
0
0
0
0
0
0
0
0
1
1
0
1
1
1
0
0
1
1
0
1
1
1
1
0
1
1
1
1
0
1
1
1
1
1
1
0
0
1
1
0
1
0
0
0
0
0
1
0
0
0
1
0
0
0
0
1
1
1
0
1
1
1
1
1
1
1
1
1
0
1
0
1
0
1
1
0
1
1
1
1
1
1
0
0
1
1
1
1
1
0
0
0
1
0
1
1
0
1
0
0
0
1
0
1
1
0
1
1
0
0
0
0
0
1
1
0
0
1
0
1
1
0
1
1
0
0
0
0
0
1
1
0
1
1
0
1
1
1
1
0
1
1
0
0
1
1
1
1
1
0
0
1
1
1
1
0
0
0
0
0
1
1
1
0
0
1
1
0
0
0
0
1
0
0
0
1
0
1
1
1
1
1
0
1
0
1
1
0
0
0
0
1
0
1
1
0
0
0
0
1
0
0
0
0
0
0
1
0
1
0
0
0
1
1
0
0
0
1
1
1
1
0
0
0
0
0
0
0
0
0
1
1
1
0
0
0
0
1
0
1
1
0
0
0
0
0
1
1
1
0
1
0
0
1
0
0
0
0
0
0
0
1
1
1
1
0
1
0
0
0
0
0
0
0
1
1
0
0
1
1
1
1
1
1
0
0
0
0
0
0
1
0
0
1
1
1
0
0
1
0
0
1
0
0
1
0
1
0
1
0
0
1
0
1
0
1
1
0
0
0
0
1
0
0
0
0
1
0
1
0
0
1
0
0
1
0
0
0
1
1
1
1
0
1
0
1
0
1
0
0
1
0
1
0
1
0
0
1
0
0
1
0
1
1
0
0
1
1
0
0
1
0
1
0
1
1
1
1
1
0
1
1
0
0
1
1
1
1
0
1
1
0
1
1
1
1
0
0
1
0
0
0
0
0
0
1
0
1
1
1
0
1
1
0
0
1
1
1
0
0
1
0
0
1
1
0
0
0
0
1
1
0
1
0
0
1
1
0
1
0
0
0
1
0
0
1
1
0
0
1
1
1
1
0
0
0
0
1
1
0
0
0
0
1
1
1
1
0
0
1
1
1
1
1
1
1
1
1
0
1
0
1
1
1
0
0
0
1
0
0
1
1
1
1
1
1
0
0
0
1
0
1
0
1
0
1
0
1
0
1
0
0
0
1
0
0
1
1
0
1
0
1
1
0
0
1
1
0
1
1
1
0
1
1
1
0
1
1
0
1
0
1
0
0
1
1
0
1
0
1
1
1
0
0
1
1
0
1
0
1
0
1
0
1
1
1
0
0
1
1
0
1
0
0
1
0
0
1
0
1
1
0
1
1
1
0
1
0
1
0
0
1
1
0
1
1
1
0
1
0
1
1
0
0
1
1
0
1
0
1
0
0
1
0
1
1
0
0
1
0
0
1
1
1
0
1
0
0
0
1
1
0
1
1
0
0
1
0
1
1
1
0
0
0
0
1
1
0
0
1
1
0
0
)


// ************************************************************************* //
