/*--------------------------------*- C++ -*----------------------------------*\
  =========                 |                                                 |
  \\      /  F ield         | OpenFOAM: The Open Source CFD Toolbox           |
   \\    /   O peration      | Version:  13                                  |
    \\  /    A nd           | Website:  https://openfoam.org                  |
     \\/     M anipulation   |                                                 |
\*---------------------------------------------------------------------------*/

FoamFile
{
    format      ascii;
    class       faceList;
    location    "constant/polyMesh";
    object      faces;
}
// * * * * * * * * * * * * * * * * * * * * * * * * * * * * * * * * * * * * * //

1516
(
3(152 198 165)
3(165 198 202)
3(152 165 202)
3(152 202 198)
3(199 208 217)
3(166 208 199)
3(166 199 217)
3(166 217 208)
3(193 198 204)
3(193 222 198)
3(193 204 222)
3(198 222 204)
3(107 199 112)
3(112 199 205)
3(107 205 199)
3(107 112 205)
3(193 198 209)
3(198 204 209)
3(193 209 204)
3(112 203 199)
3(107 199 203)
3(107 203 112)
3(64 74 202)
3(64 202 69)
3(69 202 74)
3(166 199 203)
3(161 199 166)
3(161 203 199)
3(161 166 203)
3(79 203 208)
3(79 199 203)
3(199 208 203)
3(79 208 199)
3(79 208 89)
3(79 84 208)
3(84 89 208)
3(199 205 203)
3(112 203 205)
3(79 203 89)
3(89 203 208)
3(192 205 199)
3(179 192 199)
3(179 199 205)
3(179 205 192)
3(79 199 205)
3(79 205 203)
3(138 199 208)
3(138 217 199)
3(138 208 217)
3(64 198 202)
3(64 206 198)
3(198 206 202)
3(64 202 206)
3(64 198 209)
3(64 209 202)
3(198 202 209)
3(166 208 203)
3(96 211 216)
3(96 181 211)
3(96 216 181)
3(181 216 211)
3(96 211 200)
3(96 200 216)
3(200 211 216)
3(165 206 198)
3(152 198 206)
3(152 206 165)
3(199 207 205)
3(192 207 199)
3(192 205 207)
3(199 207 208)
3(79 207 199)
3(79 208 207)
3(193 198 220)
3(198 209 220)
3(193 220 209)
3(64 204 198)
3(64 206 204)
3(198 204 206)
3(138 199 207)
3(138 207 208)
3(96 108 200)
3(108 211 200)
3(96 211 108)
3(64 204 209)
3(91 214 210)
3(145 210 214)
3(91 210 145)
3(91 145 214)
3(165 206 202)
3(161 217 166)
3(161 199 217)
3(64 74 206)
3(74 202 206)
3(188 198 193)
3(188 222 198)
3(188 193 222)
3(146 165 202)
3(146 202 152)
3(139 202 220)
3(134 220 202)
3(134 202 139)
3(134 139 220)
3(79 207 205)
3(69 209 202)
3(64 209 69)
3(200 214 210)
3(91 200 210)
3(91 214 200)
3(145 210 200)
3(145 200 214)
3(150 212 215)
3(150 200 212)
3(150 215 200)
3(200 215 212)
3(152 198 210)
3(152 210 206)
3(198 206 210)
3(127 150 212)
3(127 215 150)
3(127 212 215)
3(124 178 201)
3(124 221 178)
3(124 201 221)
3(178 221 201)
3(84 208 207)
3(79 84 207)
3(188 198 220)
3(188 220 193)
3(202 220 209)
3(139 202 209)
3(139 209 220)
3(125 199 138)
3(125 217 199)
3(125 138 217)
3(150 200 162)
3(162 200 212)
3(150 162 212)
3(124 177 221)
3(123 177 124)
3(123 221 177)
3(123 124 221)
3(199 219 207)
3(192 219 199)
3(192 207 219)
3(138 199 219)
3(138 219 207)
3(179 219 199)
3(179 192 219)
3(125 199 219)
3(125 219 138)
3(63 209 185)
3(60 185 209)
3(60 209 63)
3(60 63 185)
3(178 201 219)
3(124 219 201)
3(124 178 219)
3(89 205 203)
3(79 205 89)
3(199 203 213)
3(107 213 203)
3(107 199 213)
3(134 198 202)
3(198 220 202)
3(134 220 198)
3(161 203 213)
3(161 213 199)
3(199 205 218)
3(179 199 218)
3(179 218 205)
3(124 177 178)
3(177 221 178)
3(107 218 199)
3(107 205 218)
3(134 198 212)
3(134 212 202)
3(198 202 212)
3(98 206 210)
3(206 222 210)
3(98 222 206)
3(98 210 222)
3(120 202 212)
3(120 212 146)
3(120 146 202)
3(146 212 202)
3(75 205 175)
3(75 78 205)
3(75 175 78)
3(78 175 205)
3(91 108 200)
3(108 110 200)
3(91 200 110)
3(108 200 210)
3(91 108 210)
3(145 200 162)
3(162 200 163)
3(145 163 200)
3(162 210 200)
3(145 210 162)
3(190 216 191)
3(190 191 200)
3(191 216 200)
3(190 200 216)
3(136 215 137)
3(136 137 200)
3(136 200 215)
3(137 215 200)
3(108 216 200)
3(108 110 216)
3(110 200 216)
3(96 108 216)
3(162 215 200)
3(150 215 162)
3(110 214 200)
3(91 214 110)
3(162 215 163)
3(163 215 200)
3(156 166 217)
3(156 217 208)
3(156 208 166)
3(63 209 204)
3(185 204 209)
3(63 204 185)
3(163 200 214)
3(145 163 214)
3(108 211 210)
3(200 210 211)
3(97 181 211)
3(96 97 211)
3(96 181 97)
3(76 149 203)
3(149 158 203)
3(76 203 158)
3(76 158 149)
3(176 185 209)
3(60 176 209)
3(60 185 176)
3(152 212 210)
3(198 210 212)
3(152 198 212)
3(106 206 210)
3(98 206 106)
3(98 106 210)
3(160 210 206)
3(152 160 206)
3(152 210 160)
3(96 110 216)
3(201 214 213)
3(201 217 214)
3(213 214 217)
3(201 213 217)
3(201 214 218)
3(213 218 214)
3(201 218 213)
3(181 216 191)
3(181 190 216)
3(127 136 215)
3(127 215 137)
3(190 223 200)
3(191 200 223)
3(190 191 223)
3(150 215 163)
3(136 223 200)
3(137 200 223)
3(136 137 223)
3(214 218 216)
3(201 216 218)
3(201 214 216)
3(214 215 217)
3(201 217 215)
3(201 215 214)
3(149 203 208)
3(76 208 203)
3(76 149 208)
3(106 160 210)
3(106 206 160)
3(75 175 207)
3(175 184 207)
3(75 207 184)
3(75 184 175)
3(97 181 180)
3(180 181 211)
3(97 180 211)
3(74 206 204)
3(64 74 204)
3(75 205 207)
3(175 207 205)
3(198 206 222)
3(198 222 210)
3(109 218 214)
3(109 214 213)
3(109 213 218)
3(164 214 217)
3(164 213 214)
3(164 217 213)
3(109 218 216)
3(109 216 214)
3(97 211 108)
3(164 215 217)
3(164 214 215)
3(98 111 206)
3(111 222 206)
3(98 222 111)
3(134 220 212)
3(198 212 220)
3(149 203 166)
3(149 166 208)
3(162 210 212)
3(200 212 210)
3(63 64 209)
3(60 209 64)
3(158 203 166)
3(179 219 218)
3(199 218 219)
3(125 217 219)
3(199 219 217)
3(81 104 205)
3(95 205 104)
3(81 205 95)
3(81 95 104)
3(75 79 205)
3(78 205 79)
3(120 134 202)
3(120 202 139)
3(188 211 198)
3(188 222 211)
3(198 211 222)
3(81 104 203)
3(104 205 203)
3(81 203 205)
3(76 203 82)
3(76 82 158)
3(82 203 158)
3(61 157 206)
3(157 202 206)
3(61 206 202)
3(61 202 157)
3(77 203 81)
3(77 81 104)
3(77 104 203)
3(190 223 211)
3(200 211 223)
3(190 211 200)
3(120 134 212)
3(104 112 205)
3(95 205 112)
3(66 206 103)
3(103 206 204)
3(66 204 206)
3(66 103 204)
3(188 211 220)
3(198 220 211)
3(93 107 203)
3(93 203 112)
3(156 161 217)
3(147 203 161)
3(147 166 203)
3(102 205 107)
3(102 112 205)
3(101 218 171)
3(171 218 216)
3(101 216 218)
3(101 171 216)
3(106 111 206)
3(63 64 204)
3(104 112 203)
3(174 222 193)
3(174 204 222)
3(174 193 204)
3(146 212 151)
3(151 212 152)
3(146 152 212)
3(117 217 155)
3(117 215 217)
3(155 217 215)
3(117 155 215)
3(200 223 221)
3(191 200 221)
3(191 221 223)
3(120 151 212)
3(126 212 151)
3(120 126 151)
3(120 212 126)
3(120 151 146)
3(136 221 200)
3(136 223 221)
3(93 213 203)
3(93 107 213)
3(61 148 206)
3(148 157 206)
3(61 157 148)
3(185 209 193)
3(176 193 209)
3(179 205 187)
3(187 205 192)
3(147 203 213)
3(147 213 161)
3(66 206 94)
3(94 206 103)
3(66 94 103)
3(160 206 165)
3(137 212 223)
3(200 223 212)
3(137 200 212)
3(65 122 202)
3(122 209 202)
3(65 202 209)
3(65 209 122)
3(127 151 212)
3(150 212 151)
3(127 150 151)
3(199 217 213)
3(161 213 217)
3(199 213 218)
3(107 218 213)
3(185 204 193)
3(61 67 206)
3(61 148 67)
3(67 148 206)
3(62 66 206)
3(62 94 66)
3(62 206 94)
3(157 165 206)
3(157 202 165)
3(75 79 207)
3(191 216 221)
3(200 221 216)
3(101 218 186)
3(171 186 218)
3(101 186 171)
3(136 221 215)
3(200 215 221)
3(132 217 155)
3(117 132 155)
3(117 217 132)
3(65 131 202)
3(122 202 131)
3(65 122 131)
3(103 206 111)
3(111 206 204)
3(103 111 204)
3(126 127 151)
3(126 212 127)
3(189 219 201)
3(189 201 218)
3(189 218 219)
3(201 219 218)
3(135 201 219)
3(135 217 201)
3(135 219 217)
3(201 217 219)
3(108 211 222)
3(108 222 210)
3(210 222 211)
3(122 139 202)
3(122 209 139)
3(178 189 219)
3(178 201 189)
3(124 219 135)
3(124 135 201)
3(110 214 216)
3(200 216 214)
3(163 215 214)
3(200 214 215)
3(94 206 111)
3(93 213 147)
3(93 147 203)
3(175 192 207)
3(184 207 192)
3(80 207 208)
3(130 208 207)
3(80 130 207)
3(80 208 130)
3(65 68 202)
3(65 131 68)
3(68 131 202)
3(175 192 205)
3(151 162 212)
3(106 210 159)
3(105 159 210)
3(105 210 106)
3(105 106 159)
3(159 160 210)
3(106 160 159)
3(148 165 206)
3(97 211 222)
3(97 222 108)
3(187 218 205)
3(179 218 187)
3(174 222 188)
3(81 203 89)
3(81 89 205)
3(131 139 202)
3(152 212 162)
3(152 162 210)
3(100 154 213)
3(100 214 154)
3(100 213 214)
3(154 214 213)
3(144 217 155)
3(132 144 155)
3(132 217 144)
3(90 101 218)
3(90 186 101)
3(90 218 186)
3(76 89 203)
3(76 208 89)
3(65 202 69)
3(65 69 209)
3(102 205 218)
3(102 218 107)
3(66 74 206)
3(66 204 74)
3(91 210 159)
3(91 159 145)
3(145 159 210)
3(189 216 218)
3(189 201 216)
3(135 217 215)
3(135 215 201)
3(99 154 213)
3(99 100 154)
3(99 213 100)
3(80 84 208)
3(80 207 84)
3(204 222 206)
3(111 222 204)
3(130 208 138)
3(130 138 207)
3(82 89 203)
3(171 218 189)
3(171 189 216)
3(77 203 89)
3(117 135 217)
3(117 215 135)
3(101 109 218)
3(101 216 109)
3(61 74 202)
3(61 206 74)
3(155 217 164)
3(155 164 215)
3(91 105 159)
3(91 210 105)
3(99 153 213)
3(99 154 153)
3(153 154 213)
3(189 221 216)
3(201 216 221)
3(189 201 221)
3(135 215 221)
3(201 221 215)
3(135 221 201)
3(61 69 202)
3(179 219 189)
3(179 189 218)
3(125 135 219)
3(125 217 135)
3(76 208 84)
3(67 206 74)
3(68 202 69)
3(62 74 206)
3(35 214 91)
3(35 145 214)
3(35 91 145)
3(93 213 153)
3(93 153 147)
3(147 153 213)
3(93 99 153)
3(93 213 99)
3(35 214 100)
3(91 100 214)
3(83 84 208)
3(80 83 208)
3(35 154 214)
3(145 214 154)
3(133 156 217)
3(133 208 156)
3(133 217 208)
3(57 177 124)
3(57 123 177)
3(35 154 100)
3(121 208 138)
3(121 130 208)
3(64 66 204)
3(41 181 97)
3(41 96 181)
3(48 151 127)
3(48 127 150)
3(57 178 124)
3(186 218 189)
3(43 101 186)
3(43 171 101)
3(50 132 155)
3(50 155 117)
3(34 91 159)
3(34 145 91)
3(132 135 217)
3(47 151 120)
3(47 126 151)
3(47 146 120)
3(102 187 218)
3(102 205 187)
3(36 154 99)
3(36 100 154)
3(37 93 153)
3(37 147 93)
3(37 99 153)
3(189 221 191)
3(189 191 216)
3(98 105 210)
3(152 210 159)
3(41 180 97)
3(135 136 221)
3(135 215 136)
3(48 151 126)
3(79 205 81)
3(90 109 218)
3(34 105 159)
3(199 219 201)
3(199 201 217)
3(199 218 201)
3(144 217 164)
3(79 80 207)
3(36 153 99)
3(100 213 109)
3(100 109 214)
3(154 164 213)
3(154 214 164)
3(64 209 65)
3(33 159 106)
3(33 106 160)
3(33 159 105)
3(43 90 186)
3(183 193 220)
3(183 209 193)
3(183 220 209)
3(50 132 144)
3(44 187 218)
3(44 218 102)
3(44 102 187)
3(51 217 133)
3(51 156 217)
3(51 133 156)
3(44 186 218)
3(186 187 218)
3(51 217 132)
3(132 217 133)
3(199 201 213)
3(120 202 167)
3(142 167 202)
3(120 167 142)
3(120 142 202)
3(98 108 222)
3(98 210 108)
3(140 194 207)
3(119 194 140)
3(119 207 194)
3(119 140 207)
3(24 75 175)
3(24 175 78)
3(49 215 150)
3(49 127 215)
3(49 150 127)
3(180 190 211)
3(181 211 190)
3(42 96 216)
3(42 216 181)
3(42 181 96)
3(143 209 197)
3(129 197 209)
3(129 143 197)
3(129 209 143)
3(70 176 209)
3(60 70 209)
3(60 176 70)
3(12 185 60)
3(12 63 185)
3(44 218 90)
3(90 218 102)
3(115 169 203)
3(115 147 169)
3(115 203 147)
3(147 203 169)
3(109 216 110)
3(109 110 214)
3(51 144 217)
3(144 156 217)
3(163 215 164)
3(163 164 214)
3(119 138 219)
3(119 219 207)
3(119 207 138)
3(70 122 209)
3(70 209 143)
3(122 143 209)
3(70 143 122)
3(178 179 219)
3(124 219 125)
3(72 204 185)
3(63 204 72)
3(63 72 185)
3(113 196 204)
3(113 174 196)
3(113 204 174)
3(174 204 196)
3(114 206 168)
3(106 168 206)
3(106 114 168)
3(106 206 114)
3(99 213 109)
3(153 164 213)
3(126 134 212)
3(85 207 184)
3(75 207 85)
3(75 85 184)
3(42 101 216)
3(96 216 101)
3(49 215 155)
3(150 155 215)
3(173 219 192)
3(173 207 219)
3(173 192 207)
3(44 186 90)
3(70 197 209)
3(176 209 197)
3(70 176 197)
3(42 216 171)
3(171 216 181)
3(49 117 215)
3(117 127 215)
3(51 144 132)
3(180 211 222)
3(97 180 222)
3(141 208 170)
3(141 156 208)
3(141 170 156)
3(156 170 208)
3(87 95 205)
3(87 205 116)
3(95 116 205)
3(87 116 95)
3(12 176 60)
3(88 208 149)
3(88 170 208)
3(149 208 170)
3(88 149 170)
3(65 209 70)
3(65 70 122)
3(87 175 205)
3(78 87 205)
3(78 175 87)
3(70 197 143)
3(18 61 148)
3(18 148 67)
3(30 76 158)
3(30 149 76)
3(200 201 214)
3(200 216 201)
3(200 201 215)
3(107 109 213)
3(107 218 109)
3(15 65 131)
3(15 131 68)
3(30 82 158)
3(116 205 195)
3(102 195 205)
3(102 116 195)
3(102 205 116)
3(161 213 164)
3(161 164 217)
3(85 207 130)
3(85 140 207)
3(130 207 140)
3(85 130 140)
3(71 206 114)
3(62 114 206)
3(62 206 71)
3(62 71 114)
3(27 83 130)
3(27 130 80)
3(80 130 83)
3(73 157 202)
3(73 202 167)
3(157 167 202)
3(73 167 157)
3(24 75 184)
3(77 203 115)
3(86 115 203)
3(77 86 203)
3(77 115 86)
3(105 108 210)
3(42 101 171)
3(80 85 207)
3(80 130 85)
3(159 210 162)
3(49 117 155)
3(81 205 87)
3(81 87 95)
3(76 88 208)
3(76 149 88)
3(18 61 157)
3(61 202 73)
3(61 73 157)
3(72 204 103)
3(72 113 204)
3(103 204 113)
3(72 103 113)
3(72 204 196)
3(72 196 185)
3(185 196 204)
3(200 221 201)
3(129 139 209)
3(129 220 139)
3(129 209 220)
3(9 94 66)
3(9 62 94)
3(85 207 194)
3(184 194 207)
3(85 194 184)
3(15 65 122)
3(21 81 104)
3(21 104 77)
3(153 213 161)
3(182 191 223)
3(182 223 190)
3(99 107 213)
3(128 223 136)
3(128 137 223)
3(87 205 195)
3(87 195 116)
3(66 72 204)
3(66 103 72)
3(27 83 121)
3(83 130 121)
3(104 203 115)
3(77 104 115)
3(180 188 222)
3(180 211 188)
3(177 221 191)
3(177 189 221)
3(123 136 221)
3(123 221 135)
3(71 168 206)
3(67 206 168)
3(67 71 206)
3(67 168 71)
3(86 203 169)
3(82 169 203)
3(82 203 86)
3(82 86 169)
3(183 188 220)
3(73 142 202)
3(68 202 142)
3(68 73 202)
3(68 142 73)
3(21 81 95)
3(85 140 194)
3(174 180 222)
3(40 222 180)
3(40 174 222)
3(182 221 223)
3(182 191 221)
3(88 208 141)
3(83 141 208)
3(83 208 88)
3(83 88 141)
3(175 205 195)
3(87 175 195)
3(128 223 221)
3(128 221 136)
3(86 115 169)
3(72 113 196)
3(88 170 141)
3(120 146 167)
3(146 202 167)
3(73 142 167)
3(71 168 114)
3(94 114 206)
3(62 114 94)
3(59 119 194)
3(59 194 140)
3(126 212 137)
3(127 137 212)
3(9 103 66)
3(119 173 194)
3(119 207 173)
3(173 207 194)
3(158 169 203)
3(82 169 158)
3(40 222 97)
3(40 97 180)
3(63 66 204)
3(106 168 160)
3(160 168 206)
3(131 202 142)
3(68 131 142)
3(38 115 147)
3(38 169 115)
3(39 113 174)
3(39 196 113)
3(46 120 167)
3(46 167 142)
3(93 147 115)
3(93 115 203)
3(40 92 222)
3(92 174 222)
3(40 174 92)
3(56 221 128)
3(56 182 221)
3(128 221 182)
3(56 128 182)
3(92 204 174)
3(92 174 113)
3(92 113 204)
3(148 206 168)
3(67 148 168)
3(75 80 207)
3(171 191 216)
3(97 222 98)
3(78 205 81)
3(117 215 136)
3(133 141 156)
3(133 208 141)
3(155 163 215)
3(101 216 110)
3(149 156 208)
3(60 209 65)
3(121 141 208)
3(83 141 121)
3(83 121 208)
3(129 183 209)
3(183 197 209)
3(129 197 183)
3(146 157 202)
3(32 168 106)
3(32 114 168)
3(187 195 205)
3(102 195 187)
3(210 212 211)
3(198 210 211)
3(198 211 212)
3(53 197 129)
3(53 143 197)
3(100 110 214)
3(154 214 163)
3(118 223 212)
3(118 212 220)
3(118 220 223)
3(212 223 220)
3(56 221 123)
3(123 221 128)
3(56 177 221)
3(177 182 221)
3(92 222 97)
3(119 125 219)
3(173 219 179)
3(200 212 211)
3(118 137 212)
3(118 223 137)
3(56 177 123)
3(45 195 102)
3(45 116 195)
3(52 156 141)
3(52 141 170)
3(179 218 186)
3(125 132 217)
3(125 217 133)
3(122 209 129)
3(90 218 107)
3(144 161 217)
3(59 119 173)
3(172 220 211)
3(172 211 223)
3(172 223 220)
3(211 220 223)
3(92 204 222)
3(118 212 134)
3(118 134 220)
3(77 82 203)
3(172 188 211)
3(172 220 188)
3(94 206 106)
3(39 92 174)
3(46 120 146)
3(175 187 205)
3(38 93 147)
3(93 203 104)
3(62 206 67)
3(119 219 173)
3(119 207 130)
3(148 160 206)
3(128 223 182)
3(176 183 209)
3(134 137 212)
3(95 205 102)
3(147 158 203)
3(174 185 204)
3(13 176 70)
3(13 60 176)
3(32 160 106)
3(211 212 220)
3(92 204 111)
3(92 111 222)
3(172 211 190)
3(172 190 223)
3(61 68 202)
3(11 72 185)
3(11 185 63)
3(121 208 133)
3(133 208 138)
3(211 223 212)
3(25 85 184)
3(25 184 75)
3(92 204 103)
3(120 202 131)
3(129 220 134)
3(58 119 219)
3(58 219 173)
3(58 173 119)
3(173 184 207)
3(76 208 83)
3(129 183 220)
3(55 223 182)
3(55 128 223)
3(55 182 128)
3(13 197 70)
3(23 175 87)
3(23 78 175)
3(188 211 190)
3(45 187 102)
3(118 223 172)
3(55 172 223)
3(55 223 118)
3(55 118 172)
3(52 156 133)
3(53 183 129)
3(31 88 149)
3(31 170 88)
3(31 76 149)
3(118 220 172)
3(11 72 196)
3(54 220 183)
3(54 172 220)
3(172 183 220)
3(25 85 194)
3(54 220 129)
3(54 129 183)
3(172 223 182)
3(58 124 219)
3(119 219 124)
3(58 219 178)
3(173 178 219)
3(22 95 87)
3(22 87 116)
3(16 70 122)
3(16 122 65)
3(54 118 220)
3(54 172 118)
3(22 95 81)
3(118 128 223)
3(19 73 157)
3(19 157 61)
3(19 73 167)
3(58 124 178)
3(16 70 143)
3(8 114 62)
3(8 71 114)
3(28 130 85)
3(28 80 130)
3(10 103 72)
3(10 66 103)
3(26 141 83)
3(26 88 141)
3(10 113 72)
3(23 195 87)
3(20 77 115)
3(20 115 86)
3(118 220 129)
3(28 140 85)
3(14 68 142)
3(14 142 73)
3(20 77 104)
3(17 67 168)
3(17 168 71)
3(8 94 62)
3(14 68 131)
3(29 169 82)
3(29 86 169)
3(26 121 83)
3(29 158 82)
3(17 67 148)
3(92 222 98)
3(2 70 197)
3(2 197 143)
3(2 143 70)
3(4 169 86)
3(4 86 115)
3(4 115 169)
3(0 196 72)
3(0 113 196)
3(0 72 113)
3(5 87 195)
3(5 116 87)
3(5 195 116)
3(6 194 85)
3(6 140 194)
3(6 85 140)
3(3 73 142)
3(3 142 167)
3(3 167 73)
3(7 141 88)
3(7 88 170)
3(7 170 141)
3(1 114 71)
3(1 71 168)
3(1 168 114)
3(152 202 212)
3(124 221 135)
3(178 189 221)
3(190 216 211)
3(133 138 217)
3(137 215 212)
3(83 130 208)
3(64 69 74)
3(60 64 63)
3(61 74 69)
3(61 67 74)
3(65 68 69)
3(62 66 74)
3(64 74 66)
3(64 65 69)
3(12 60 63)
3(18 67 61)
3(15 68 65)
3(9 66 62)
3(63 64 66)
3(60 65 64)
3(63 66 72)
3(60 70 65)
3(62 67 71)
3(13 70 60)
3(61 69 68)
3(11 63 72)
3(61 68 73)
3(62 74 67)
3(16 65 70)
3(19 61 73)
3(8 62 71)
3(10 72 66)
3(14 73 68)
3(17 71 67)
3(12 13 60)
3(15 65 16)
3(11 12 63)
3(18 61 19)
3(9 10 66)
3(8 9 62)
3(17 67 18)
3(14 68 15)
3(2 70 13)
3(0 11 72)
3(1 8 71)
3(1 71 17)
3(3 73 14)
3(3 19 73)
3(0 72 10)
3(2 16 70)
3(79 89 84)
3(75 78 79)
3(76 89 82)
3(77 89 81)
3(76 84 89)
3(80 84 83)
3(79 81 89)
3(79 84 80)
3(24 78 75)
3(30 76 82)
3(27 80 83)
3(21 77 81)
3(75 79 80)
3(78 81 79)
3(75 80 85)
3(78 87 81)
3(77 86 82)
3(25 75 85)
3(77 82 89)
3(76 83 84)
3(23 87 78)
3(76 88 83)
3(31 88 76)
3(22 81 87)
3(28 85 80)
3(26 83 88)
3(20 86 77)
3(29 82 86)
3(30 31 76)
3(21 81 22)
3(24 75 25)
3(23 78 24)
3(27 28 80)
3(20 77 21)
3(29 30 82)
3(26 27 83)
3(4 29 86)
3(4 86 20)
3(6 25 85)
3(5 87 23)
3(7 26 88)
3(7 88 31)
3(5 22 87)
3(6 85 28)
3(146 152 165)
3(145 162 163)
3(150 163 162)
3(149 158 166)
3(156 166 161)
3(147 161 166)
3(146 151 152)
3(152 160 165)
3(150 162 151)
3(148 157 165)
3(151 162 152)
3(35 145 154)
3(48 150 151)
3(34 159 145)
3(47 151 146)
3(37 153 147)
3(152 159 160)
3(144 164 155)
3(36 154 153)
3(33 160 159)
3(50 144 155)
3(51 156 144)
3(153 154 164)
3(49 155 150)
3(30 158 149)
3(145 159 162)
3(18 157 148)
3(147 153 161)
3(38 147 169)
3(155 164 163)
3(149 166 156)
3(146 165 157)
3(154 163 164)
3(145 163 154)
3(52 170 156)
3(152 162 159)
3(144 156 161)
3(153 164 161)
3(46 146 167)
3(146 157 167)
3(149 156 170)
3(144 161 164)
3(148 165 160)
3(147 166 158)
3(32 168 160)
3(150 155 163)
3(148 160 168)
3(31 149 170)
3(147 158 169)
3(19 167 157)
3(49 50 155)
3(34 145 35)
3(29 169 158)
3(17 148 168)
3(48 49 150)
3(35 154 36)
3(30 149 31)
3(18 19 157)
3(46 47 146)
3(37 147 38)
3(47 48 151)
3(50 51 144)
3(36 153 37)
3(33 159 34)
3(29 158 30)
3(17 18 148)
3(51 52 156)
3(32 160 33)
3(4 169 29)
3(1 17 168)
3(7 31 170)
3(4 38 169)
3(3 46 167)
3(3 167 19)
3(7 170 52)
3(1 168 32)
3(91 110 108)
3(96 108 110)
3(96 97 108)
3(95 112 104)
3(93 112 107)
3(102 107 112)
3(98 111 106)
3(94 111 103)
3(35 100 91)
3(41 97 96)
3(36 99 100)
3(37 93 99)
3(98 106 105)
3(90 101 109)
3(34 91 105)
3(33 105 106)
3(43 101 90)
3(44 90 102)
3(99 109 100)
3(42 96 101)
3(91 108 105)
3(93 107 99)
3(21 95 104)
3(9 94 103)
3(97 98 108)
3(101 110 109)
3(32 106 114)
3(100 109 110)
3(91 100 110)
3(40 92 97)
3(45 102 116)
3(98 105 108)
3(90 107 102)
3(99 107 109)
3(94 106 111)
3(39 113 92)
3(90 109 107)
3(38 115 93)
3(93 104 112)
3(95 102 112)
3(92 103 111)
3(94 114 106)
3(96 110 101)
3(95 116 102)
3(93 115 104)
3(22 116 95)
3(92 113 103)
3(10 103 113)
3(20 104 115)
3(8 114 94)
3(42 101 43)
3(34 35 91)
3(41 96 42)
3(35 36 100)
3(21 22 95)
3(39 92 40)
3(37 38 93)
3(9 103 10)
3(43 90 44)
3(20 21 104)
3(40 97 41)
3(92 98 97)
3(8 94 9)
3(92 111 98)
3(36 37 99)
3(33 34 105)
3(44 102 45)
3(32 33 106)
3(4 20 115)
3(1 114 8)
3(5 116 22)
3(4 115 38)
3(0 113 39)
3(0 10 113)
3(5 45 116)
3(1 32 114)
3(181 191 190)
3(176 185 193)
3(179 187 192)
3(175 184 192)
3(174 188 193)
3(57 177 178)
3(171 186 189)
3(43 186 171)
3(41 181 180)
3(44 187 186)
3(180 181 190)
3(178 189 179)
3(42 171 181)
3(12 185 176)
3(24 184 175)
3(182 190 191)
3(177 191 189)
3(183 193 188)
3(40 180 174)
3(174 180 188)
3(39 174 196)
3(171 189 191)
3(56 182 177)
3(173 179 192)
3(179 186 187)
3(59 173 194)
3(179 189 186)
3(175 192 187)
3(176 193 183)
3(174 193 185)
3(173 192 184)
3(171 191 181)
3(176 183 197)
3(13 176 197)
3(172 188 190)
3(175 187 195)
3(45 195 187)
3(53 197 183)
3(173 184 194)
3(11 196 185)
3(54 183 172)
3(25 194 184)
3(55 172 182)
3(58 178 173)
3(174 185 196)
3(23 175 195)
3(180 190 188)
3(55 182 56)
3(42 43 171)
3(172 183 188)
3(177 182 191)
3(56 177 57)
3(41 42 181)
3(173 178 179)
3(12 176 13)
3(11 185 12)
3(24 25 184)
3(23 24 175)
3(54 172 55)
3(58 173 59)
3(172 190 182)
3(39 40 174)
3(57 178 58)
3(43 44 186)
3(40 41 180)
3(53 183 54)
3(44 45 187)
3(2 13 197)
3(0 196 11)
3(6 194 25)
3(5 23 195)
3(2 197 53)
3(0 39 196)
3(6 59 194)
3(5 195 45)
3(177 189 178)
3(127 137 136)
3(120 139 134)
3(122 139 131)
3(57 124 123)
3(121 138 130)
3(50 117 132)
3(117 135 132)
3(47 120 126)
3(48 126 127)
3(51 132 133)
3(124 125 135)
3(120 134 126)
3(49 127 117)
3(15 122 131)
3(128 136 137)
3(27 121 130)
3(123 135 136)
3(59 140 119)
3(126 137 127)
3(46 142 120)
3(117 136 135)
3(53 129 143)
3(56 123 128)
3(119 138 125)
3(125 133 132)
3(122 129 139)
3(125 132 135)
3(119 130 138)
3(118 137 134)
3(122 143 129)
3(121 133 138)
3(120 131 139)
3(129 134 139)
3(117 127 136)
3(119 140 130)
3(52 133 141)
3(121 141 133)
3(58 119 124)
3(120 142 131)
3(55 128 118)
3(16 143 122)
3(54 118 129)
3(28 130 140)
3(55 56 128)
3(49 117 50)
3(14 131 142)
3(26 141 121)
3(56 57 123)
3(123 136 128)
3(48 127 49)
3(119 125 124)
3(126 134 137)
3(15 16 122)
3(54 55 118)
3(58 59 119)
3(118 128 137)
3(27 130 28)
3(46 120 47)
3(57 58 124)
3(118 134 129)
3(47 126 48)
3(50 132 51)
3(53 54 129)
3(51 133 52)
3(14 15 131)
3(26 121 27)
3(3 14 142)
3(7 141 26)
3(2 53 143)
3(3 142 46)
3(6 140 59)
3(7 52 141)
3(2 143 16)
3(6 28 140)
3(123 124 135)
3(125 138 133)
)

// ************************************************************************* //
