/*--------------------------------*- C++ -*----------------------------------*\
  =========                 |                                                 |
  \\      /  F ield         | OpenFOAM: The Open Source CFD Toolbox           |
   \\    /   O peration      | Version:  13                                  |
    \\  /    A nd           | Website:  https://openfoam.org                  |
     \\/     M anipulation   |                                                 |
\*---------------------------------------------------------------------------*/

FoamFile
{
    format      ascii;
    class       labelList;
    location    "constant/polyMesh";
    object      neighbour;
}
// * * * * * * * * * * * * * * * * * * * * * * * * * * * * * * * * * * * * * //

1124
(
20
29
33
646
14
17
30
77
4
32
139
268
5
10
61
134
23
27
158
10
56
131
31
36
220
17
30
58
133
11
13
17
22
11
43
223
13
138
55
197
21
51
59
149
35
55
25
46
655
16
24
29
31
27
36
83
112
19
81
287
652
26
73
653
29
40
152
35
49
183
25
35
43
44
83
273
27
102
268
50
207
73
80
108
137
37
38
201
227
161
132
156
102
213
44
121
190
415
647
45
57
120
490
162
198
269
38
67
75
69
79
41
47
74
656
85
87
104
155
285
657
54
60
649
651
205
264
130
369
83
173
350
52
117
654
74
113
184
60
234
432
648
50
51
309
52
296
116
429
117
428
78
84
114
290
174
175
542
191
258
58
146
157
62
83
111
150
156
61
116
189
240
650
157
199
111
127
646
86
104
110
282
127
144
381
647
103
119
284
321
67
72
75
80
338
69
76
79
113
341
91
93
163
653
92
95
165
656
73
88
176
88
76
94
176
425
94
177
132
233
411
137
158
300
177
426
172
430
101
108
238
98
115
123
324
148
289
318
193
418
646
99
136
253
99
152
254
505
90
97
106
279
96
105
280
496
652
498
657
126
142
357
508
145
153
359
107
202
325
109
203
326
112
197
344
186
393
103
180
306
336
255
286
315
200
237
162
183
268
442
107
266
327
109
267
331
212
293
188
214
295
136
206
603
453
479
115
411
193
430
137
412
475
221
262
222
261
122
128
343
371
162
406
127
489
130
364
442
125
138
191
208
329
390
147
161
213
346
210
355
363
481
486
653
305
138
474
151
168
200
361
456
479
146
463
441
150
475
199
474
164
209
212
339
457
392
463
190
452
476
144
219
647
166
211
214
342
145
163
374
144
169
246
305
247
165
377
179
358
159
187
345
158
472
189
461
179
356
160
178
388
470
431
486
656
167
173
198
320
169
184
239
279
331
280
327
476
224
323
402
226
352
385
187
415
403
252
349
196
241
242
256
351
195
243
245
182
192
354
178
206
488
257
387
174
202
221
262
175
203
222
261
188
282
442
192
439
298
651
299
649
293
325
295
326
457
228
398
183
492
205
207
340
659
225
328
394
461
219
186
215
253
271
254
270
470
315
405
248
435
384
210
258
489
219
437
204
235
266
267
263
274
314
259
272
310
208
223
225
269
248
440
226
237
215
244
341
209
217
211
218
216
249
303
231
264
268
480
236
468
493
241
404
493
245
407
259
410
220
224
263
409
260
338
229
265
304
252
349
651
256
351
649
482
298
448
299
451
495
512
482
512
230
232
561
229
250
356
251
358
235
425
495
659
235
426
276
408
655
240
567
577
485
658
392
255
572
257
571
594
448
272
559
274
560
260
561
451
247
598
590
275
417
265
577
251
592
604
365
404
436
437
599
366
407
598
406
460
605
262
279
280
469
403
604
303
420
304
421
412
271
611
605
596
369
472
497
600
277
291
609
278
294
610
310
435
314
438
280
381
382
397
532
405
436
372
386
389
504
336
583
308
313
571
551
652
307
312
572
322
414
419
484
311
445
477
318
581
310
440
378
395
398
527
410
420
314
441
409
421
428
467
468
320
322
484
543
574
573
348
443
483
379
396
401
533
383
393
416
502
450
454
576
353
444
487
339
505
342
508
429
467
492
596
322
500
501
339
496
342
498
600
364
391
380
408
434
466
343
360
511
534
575
344
380
466
517
445
535
376
447
503
614
345
608
329
579
326
349
351
450
460
354
612
606
360
417
433
511
454
469
340
372
504
553
383
385
464
544
362
588
659
346
382
465
541
582
363
378
455
550
436
559
444
545
437
560
447
538
507
519
589
494
540
361
379
536
548
379
523
533
351
439
490
497
388
602
372
522
525
578
371
597
454
374
587
450
377
586
376
617
443
546
613
658
518
555
384
551
566
650
568
648
383
402
464
556
378
390
455
563
564
382
394
494
554
580
618
384
391
399
471
566
380
413
507
547
509
549
471
568
615
616
620
459
465
619
621
502
557
446
638
576
657
593
446
467
522
527
569
427
599
443
478
510
532
562
462
635
458
637
459
636
462
518
427
452
591
423
424
471
558
452
458
536
510
570
444
496
601
447
498
515
521
508
505
466
445
521
565
658
497
500
516
465
478
645
509
513
430
442
479
516
632
425
426
431
453
520
526
432
568
432
566
601
573
574
486
473
586
567
513
641
515
642
448
451
654
484
460
469
585
456
481
520
526
480
473
595
493
506
564
502
591
590
509
592
518
512
491
504
510
499
500
576
511
527
533
501
575
611
526
488
603
506
587
494
523
581
521
655
526
525
582
536
532
595
530
531
585
522
507
528
529
539
558
622
549
583
551
609
520
529
539
584
610
607
519
633
579
537
625
528
537
564
626
552
607
587
542
573
542
574
538
634
543
578
552
584
580
586
541
589
639
594
643
557
628
553
588
548
593
565
631
640
627
555
624
595
644
562
630
597
570
629
602
612
569
623
613
606
608
603
622
632
643
623
624
635
625
637
640
627
634
641
626
638
644
630
636
639
631
633
642
628
629
645
647
649
651
653
655
657
659
)

// ************************************************************************* //
