/*--------------------------------*- C++ -*----------------------------------*\
  =========                 |                                                 |
  \\      /  F ield         | OpenFOAM: The Open Source CFD Toolbox           |
   \\    /   O peration      | Version:  13                                  |
    \\  /    A nd           | Website:  https://openfoam.org                  |
     \\/     M anipulation   |                                                 |
\*---------------------------------------------------------------------------*/

FoamFile
{
    format      ascii;
    class       labelList;
    location    "constant/polyMesh";
    object      owner;
}
// * * * * * * * * * * * * * * * * * * * * * * * * * * * * * * * * * * * * * //

1516
(
0
0
0
0
1
1
1
1
2
2
2
2
3
3
3
3
4
4
4
5
5
5
6
6
6
7
7
7
7
8
8
8
8
9
9
9
10
10
11
11
12
12
12
12
13
13
14
14
14
15
15
15
15
16
16
16
17
18
18
18
18
19
19
19
20
20
20
21
21
21
22
22
22
23
23
23
24
24
24
25
25
26
26
26
27
28
28
28
28
29
30
30
31
31
32
32
32
33
33
34
34
34
34
35
36
36
37
37
37
38
38
39
39
39
39
40
40
40
41
41
41
42
42
42
42
43
43
44
44
45
45
45
46
46
46
47
47
47
48
48
48
48
49
49
49
50
50
51
51
52
52
53
53
53
53
54
54
54
55
55
56
56
56
57
57
57
58
58
59
59
59
60
60
61
61
62
62
62
63
63
63
63
64
64
64
64
65
65
65
65
66
66
66
67
67
68
68
68
69
69
70
70
70
70
71
71
71
71
72
72
72
73
74
74
75
75
76
76
77
77
77
78
78
78
79
79
80
80
81
81
81
82
82
82
82
84
84
84
85
85
85
86
86
86
87
87
87
88
89
89
89
89
90
90
90
91
91
92
92
93
93
93
94
95
95
95
96
96
96
97
97
97
98
98
98
99
99
100
100
100
100
101
101
101
102
102
103
103
104
104
105
105
105
106
106
106
107
107
108
109
109
110
110
110
111
111
112
112
113
113
114
114
115
116
116
117
117
118
118
118
118
119
119
120
120
121
121
121
122
122
122
123
123
123
124
124
124
124
125
125
125
126
126
126
127
128
128
129
129
129
129
130
130
131
131
132
133
133
134
134
135
135
135
135
136
137
138
139
139
139
140
140
140
141
141
141
141
142
142
142
143
143
143
143
144
145
145
146
146
147
147
147
148
148
149
149
150
150
151
151
151
152
153
153
153
154
154
154
154
155
155
155
156
156
157
157
158
159
159
159
160
160
160
161
161
162
163
163
164
164
164
165
165
166
166
166
167
167
167
168
168
168
169
169
170
170
170
170
171
171
171
171
172
172
172
173
173
174
174
175
175
176
176
177
177
178
179
179
180
180
181
181
181
181
182
182
182
183
184
185
185
185
185
186
186
187
188
188
189
189
190
191
191
192
193
193
194
194
194
194
195
195
195
196
196
196
197
197
198
198
199
199
200
200
201
201
201
202
202
203
203
204
204
204
205
205
206
206
207
207
208
209
209
210
211
211
212
212
213
213
214
214
215
215
216
216
216
217
217
217
218
218
218
220
221
221
222
222
223
224
225
226
227
227
227
228
228
228
229
229
230
230
231
231
232
232
233
233
233
234
234
235
236
236
237
238
238
239
239
240
241
242
242
243
243
244
244
245
246
246
247
248
248
249
249
250
250
251
252
252
253
254
255
256
256
257
258
259
260
261
261
262
263
264
265
266
266
267
267
269
270
270
271
272
273
273
273
274
275
275
275
276
276
276
277
277
278
278
279
281
281
281
281
282
282
283
283
283
283
284
284
285
285
285
286
286
287
287
287
288
288
288
288
289
289
289
290
290
291
291
292
292
292
292
293
293
294
294
295
295
296
296
296
297
297
297
297
298
299
300
300
300
301
301
301
301
302
302
302
302
303
304
305
306
306
306
307
307
308
308
309
309
309
310
311
311
311
312
312
313
313
314
315
315
316
316
316
316
317
317
317
317
318
319
319
319
319
320
320
321
321
321
322
323
323
324
324
325
325
326
327
327
328
328
329
330
330
330
330
331
331
332
332
332
332
333
333
333
333
334
334
334
335
335
335
335
336
337
337
337
337
338
339
340
340
341
342
343
343
344
344
345
346
346
347
347
347
347
348
348
348
349
350
350
350
352
352
353
353
353
354
355
355
356
357
357
358
359
359
360
360
361
361
362
362
363
363
364
364
365
365
366
366
367
367
367
367
368
368
368
368
369
370
370
370
370
371
372
373
373
373
374
374
375
375
375
375
376
376
377
377
378
379
380
381
381
382
383
385
385
386
386
387
387
388
389
389
389
390
390
391
391
392
393
393
394
394
395
395
396
396
397
397
398
398
399
399
399
400
400
400
400
401
401
401
402
402
403
404
405
406
407
408
408
409
410
411
412
413
413
413
414
414
414
415
416
416
417
417
418
418
418
419
419
420
421
422
422
422
422
423
423
424
424
427
428
429
430
431
431
432
433
433
434
434
435
438
438
439
440
441
446
449
449
449
449
452
453
453
455
456
456
457
458
459
461
462
463
464
467
468
470
471
472
473
474
475
476
477
477
478
479
480
480
481
481
482
483
483
485
485
486
487
487
488
489
490
491
491
491
492
495
497
499
499
499
501
503
503
506
513
514
514
514
514
515
516
517
517
519
520
523
524
524
524
525
528
528
529
530
530
531
531
534
534
535
535
537
537
538
539
540
540
541
542
543
544
544
545
545
546
546
547
547
548
549
550
550
552
553
554
554
555
556
556
557
562
563
563
565
569
570
601
614
614
614
615
615
615
616
616
616
617
617
617
618
618
618
619
619
619
620
620
620
621
621
621
646
648
650
652
654
656
658
6
114
220
224
225
226
237
269
290
323
328
352
392
412
443
445
464
477
482
483
494
512
535
540
544
546
554
556
575
578
581
589
593
602
608
612
622
625
628
629
630
639
640
643
9
119
208
210
223
231
258
264
284
329
334
355
403
406
444
447
455
487
493
495
503
507
519
538
545
547
550
563
579
580
582
583
588
597
606
613
623
624
626
627
631
633
634
644
33
68
94
115
132
133
140
152
184
187
219
232
239
244
247
250
254
263
265
270
274
294
304
308
324
341
345
356
395
409
411
415
421
426
434
437
441
454
459
465
466
469
470
475
478
508
510
517
527
541
560
561
569
570
571
577
579
589
590
592
598
600
604
605
606
608
610
611
623
629
633
635
636
639
642
645
66
88
108
128
131
134
136
178
230
238
249
251
253
259
260
271
272
291
303
307
338
358
371
388
405
410
416
420
425
427
433
436
440
450
457
458
460
462
463
474
488
502
505
511
518
534
536
548
555
557
559
561
572
577
580
591
592
593
596
597
599
601
602
603
604
605
609
611
624
628
634
635
637
640
641
645
91
148
149
180
190
240
241
242
255
277
286
298
312
318
336
357
365
369
373
384
396
404
424
429
435
446
448
461
472
476
492
496
500
501
506
509
513
516
522
523
524
525
529
531
533
549
551
558
559
564
566
567
572
574
575
581
582
583
584
585
587
591
594
596
599
607
609
622
625
626
627
632
637
638
641
650
92
120
192
234
236
243
245
246
257
278
299
305
313
354
359
362
366
386
387
397
407
419
423
428
438
439
451
468
473
484
485
489
490
498
504
515
521
530
532
539
543
552
553
558
560
562
565
567
568
571
573
576
578
584
585
586
588
590
594
595
598
600
607
610
612
613
630
631
632
636
638
642
643
644
648
654
)

// ************************************************************************* //
